title:This is a collection of perfect rolls.
description:More to come.
// Gnawing Hunger
dimwishlist:item=821154603&perks=839105230,1087426260,1820235745,3425386926
dimwishlist:item=821154603&perks=3661387068,1087426260,1820235745,3425386926
dimwishlist:item=821154603&perks=4090651448,1087426260,1820235745,3425386926
dimwishlist:item=821154603&perks=1392496348,1087426260,1820235745,3425386926
dimwishlist:item=821154603&perks=1482024992,1087426260,1820235745,3425386926
dimwishlist:item=821154603&perks=1840239774,1087426260,1820235745,3425386926
dimwishlist:item=821154603&perks=3250034553,1087426260,1820235745,3425386926
dimwishlist:item=821154603&perks=839105230,106909392,1820235745,3425386926
dimwishlist:item=821154603&perks=3661387068,106909392,1820235745,3425386926
dimwishlist:item=821154603&perks=4090651448,106909392,1820235745,3425386926
dimwishlist:item=821154603&perks=1392496348,106909392,1820235745,3425386926
dimwishlist:item=821154603&perks=1482024992,106909392,1820235745,3425386926
dimwishlist:item=821154603&perks=1840239774,106909392,1820235745,3425386926
dimwishlist:item=821154603&perks=3250034553,106909392,1820235745,3425386926
dimwishlist:item=821154603&perks=839105230,3142289711,1820235745,3425386926
dimwishlist:item=821154603&perks=3661387068,3142289711,1820235745,3425386926
dimwishlist:item=821154603&perks=4090651448,3142289711,1820235745,3425386926
dimwishlist:item=821154603&perks=1392496348,3142289711,1820235745,3425386926
dimwishlist:item=821154603&perks=1482024992,3142289711,1820235745,3425386926
dimwishlist:item=821154603&perks=1840239774,3142289711,1820235745,3425386926
dimwishlist:item=821154603&perks=3250034553,3142289711,1820235745,3425386926
dimwishlist:item=821154603&perks=839105230,3230963543,1820235745,3425386926
dimwishlist:item=821154603&perks=3661387068,3230963543,1820235745,3425386926
dimwishlist:item=821154603&perks=4090651448,3230963543,1820235745,3425386926
dimwishlist:item=821154603&perks=1392496348,3230963543,1820235745,3425386926
dimwishlist:item=821154603&perks=1482024992,3230963543,1820235745,3425386926
dimwishlist:item=821154603&perks=1840239774,3230963543,1820235745,3425386926
dimwishlist:item=821154603&perks=3250034553,3230963543,1820235745,3425386926
dimwishlist:item=821154603&perks=839105230,3177308360,1820235745,3425386926
dimwishlist:item=821154603&perks=3661387068,3177308360,1820235745,3425386926
dimwishlist:item=821154603&perks=4090651448,3177308360,1820235745,3425386926
dimwishlist:item=821154603&perks=1392496348,3177308360,1820235745,3425386926
dimwishlist:item=821154603&perks=1482024992,3177308360,1820235745,3425386926
dimwishlist:item=821154603&perks=1840239774,3177308360,1820235745,3425386926
dimwishlist:item=821154603&perks=3250034553,3177308360,1820235745,3425386926
dimwishlist:item=821154603&perks=1087426260,1820235745,3425386926
dimwishlist:item=821154603&perks=106909392,1820235745,3425386926
dimwishlist:item=821154603&perks=3142289711,1820235745,3425386926
dimwishlist:item=821154603&perks=3230963543,1820235745,3425386926
dimwishlist:item=821154603&perks=3177308360,1820235745,3425386926
dimwishlist:item=821154603&perks=839105230,1820235745,3425386926
dimwishlist:item=821154603&perks=3661387068,1820235745,3425386926
dimwishlist:item=821154603&perks=4090651448,1820235745,3425386926
dimwishlist:item=821154603&perks=1392496348,1820235745,3425386926
dimwishlist:item=821154603&perks=1482024992,1820235745,3425386926
dimwishlist:item=821154603&perks=1840239774,1820235745,3425386926
dimwishlist:item=821154603&perks=3250034553,1820235745,3425386926
dimwishlist:item=821154603&perks=1820235745,3425386926
dimwishlist:item=821154603&perks=839105230,1087426260,1820235745,3523296417
dimwishlist:item=821154603&perks=3661387068,1087426260,1820235745,3523296417
dimwishlist:item=821154603&perks=4090651448,1087426260,1820235745,3523296417
dimwishlist:item=821154603&perks=1392496348,1087426260,1820235745,3523296417
dimwishlist:item=821154603&perks=1482024992,1087426260,1820235745,3523296417
dimwishlist:item=821154603&perks=1840239774,1087426260,1820235745,3523296417
dimwishlist:item=821154603&perks=3250034553,1087426260,1820235745,3523296417
dimwishlist:item=821154603&perks=839105230,106909392,1820235745,3523296417
dimwishlist:item=821154603&perks=3661387068,106909392,1820235745,3523296417
dimwishlist:item=821154603&perks=4090651448,106909392,1820235745,3523296417
dimwishlist:item=821154603&perks=1392496348,106909392,1820235745,3523296417
dimwishlist:item=821154603&perks=1482024992,106909392,1820235745,3523296417
dimwishlist:item=821154603&perks=1840239774,106909392,1820235745,3523296417
dimwishlist:item=821154603&perks=3250034553,106909392,1820235745,3523296417
dimwishlist:item=821154603&perks=839105230,3142289711,1820235745,3523296417
dimwishlist:item=821154603&perks=3661387068,3142289711,1820235745,3523296417
dimwishlist:item=821154603&perks=4090651448,3142289711,1820235745,3523296417
dimwishlist:item=821154603&perks=1392496348,3142289711,1820235745,3523296417
dimwishlist:item=821154603&perks=1482024992,3142289711,1820235745,3523296417
dimwishlist:item=821154603&perks=1840239774,3142289711,1820235745,3523296417
dimwishlist:item=821154603&perks=3250034553,3142289711,1820235745,3523296417
dimwishlist:item=821154603&perks=839105230,3230963543,1820235745,3523296417
dimwishlist:item=821154603&perks=3661387068,3230963543,1820235745,3523296417
dimwishlist:item=821154603&perks=4090651448,3230963543,1820235745,3523296417
dimwishlist:item=821154603&perks=1392496348,3230963543,1820235745,3523296417
dimwishlist:item=821154603&perks=1482024992,3230963543,1820235745,3523296417
dimwishlist:item=821154603&perks=1840239774,3230963543,1820235745,3523296417
dimwishlist:item=821154603&perks=3250034553,3230963543,1820235745,3523296417
dimwishlist:item=821154603&perks=839105230,3177308360,1820235745,3523296417
dimwishlist:item=821154603&perks=3661387068,3177308360,1820235745,3523296417
dimwishlist:item=821154603&perks=4090651448,3177308360,1820235745,3523296417
dimwishlist:item=821154603&perks=1392496348,3177308360,1820235745,3523296417
dimwishlist:item=821154603&perks=1482024992,3177308360,1820235745,3523296417
dimwishlist:item=821154603&perks=1840239774,3177308360,1820235745,3523296417
dimwishlist:item=821154603&perks=3250034553,3177308360,1820235745,3523296417
dimwishlist:item=821154603&perks=1087426260,1820235745,3523296417
dimwishlist:item=821154603&perks=106909392,1820235745,3523296417
dimwishlist:item=821154603&perks=3142289711,1820235745,3523296417
dimwishlist:item=821154603&perks=3230963543,1820235745,3523296417
dimwishlist:item=821154603&perks=3177308360,1820235745,3523296417
dimwishlist:item=821154603&perks=839105230,1820235745,3523296417
dimwishlist:item=821154603&perks=3661387068,1820235745,3523296417
dimwishlist:item=821154603&perks=4090651448,1820235745,3523296417
dimwishlist:item=821154603&perks=1392496348,1820235745,3523296417
dimwishlist:item=821154603&perks=1482024992,1820235745,3523296417
dimwishlist:item=821154603&perks=1840239774,1820235745,3523296417
dimwishlist:item=821154603&perks=3250034553,1820235745,3523296417
dimwishlist:item=821154603&perks=1820235745,3523296417
dimwishlist:item=821154603&perks=839105230,1087426260,1820235745,4082225868
dimwishlist:item=821154603&perks=3661387068,1087426260,1820235745,4082225868
dimwishlist:item=821154603&perks=4090651448,1087426260,1820235745,4082225868
dimwishlist:item=821154603&perks=1392496348,1087426260,1820235745,4082225868
dimwishlist:item=821154603&perks=1482024992,1087426260,1820235745,4082225868
dimwishlist:item=821154603&perks=1840239774,1087426260,1820235745,4082225868
dimwishlist:item=821154603&perks=3250034553,1087426260,1820235745,4082225868
dimwishlist:item=821154603&perks=839105230,106909392,1820235745,4082225868
dimwishlist:item=821154603&perks=3661387068,106909392,1820235745,4082225868
dimwishlist:item=821154603&perks=4090651448,106909392,1820235745,4082225868
dimwishlist:item=821154603&perks=1392496348,106909392,1820235745,4082225868
dimwishlist:item=821154603&perks=1482024992,106909392,1820235745,4082225868
dimwishlist:item=821154603&perks=1840239774,106909392,1820235745,4082225868
dimwishlist:item=821154603&perks=3250034553,106909392,1820235745,4082225868
dimwishlist:item=821154603&perks=839105230,3142289711,1820235745,4082225868
dimwishlist:item=821154603&perks=3661387068,3142289711,1820235745,4082225868
dimwishlist:item=821154603&perks=4090651448,3142289711,1820235745,4082225868
dimwishlist:item=821154603&perks=1392496348,3142289711,1820235745,4082225868
dimwishlist:item=821154603&perks=1482024992,3142289711,1820235745,4082225868
dimwishlist:item=821154603&perks=1840239774,3142289711,1820235745,4082225868
dimwishlist:item=821154603&perks=3250034553,3142289711,1820235745,4082225868
dimwishlist:item=821154603&perks=839105230,3230963543,1820235745,4082225868
dimwishlist:item=821154603&perks=3661387068,3230963543,1820235745,4082225868
dimwishlist:item=821154603&perks=4090651448,3230963543,1820235745,4082225868
dimwishlist:item=821154603&perks=1392496348,3230963543,1820235745,4082225868
dimwishlist:item=821154603&perks=1482024992,3230963543,1820235745,4082225868
dimwishlist:item=821154603&perks=1840239774,3230963543,1820235745,4082225868
dimwishlist:item=821154603&perks=3250034553,3230963543,1820235745,4082225868
dimwishlist:item=821154603&perks=839105230,3177308360,1820235745,4082225868
dimwishlist:item=821154603&perks=3661387068,3177308360,1820235745,4082225868
dimwishlist:item=821154603&perks=4090651448,3177308360,1820235745,4082225868
dimwishlist:item=821154603&perks=1392496348,3177308360,1820235745,4082225868
dimwishlist:item=821154603&perks=1482024992,3177308360,1820235745,4082225868
dimwishlist:item=821154603&perks=1840239774,3177308360,1820235745,4082225868
dimwishlist:item=821154603&perks=3250034553,3177308360,1820235745,4082225868
dimwishlist:item=821154603&perks=1087426260,1820235745,4082225868
dimwishlist:item=821154603&perks=106909392,1820235745,4082225868
dimwishlist:item=821154603&perks=3142289711,1820235745,4082225868
dimwishlist:item=821154603&perks=3230963543,1820235745,4082225868
dimwishlist:item=821154603&perks=3177308360,1820235745,4082225868
dimwishlist:item=821154603&perks=839105230,1820235745,4082225868
dimwishlist:item=821154603&perks=3661387068,1820235745,4082225868
dimwishlist:item=821154603&perks=4090651448,1820235745,4082225868
dimwishlist:item=821154603&perks=1392496348,1820235745,4082225868
dimwishlist:item=821154603&perks=1482024992,1820235745,4082225868
dimwishlist:item=821154603&perks=1840239774,1820235745,4082225868
dimwishlist:item=821154603&perks=3250034553,1820235745,4082225868
dimwishlist:item=821154603&perks=1820235745,4082225868
dimwishlist:item=821154603&perks=839105230,3142289711,1890422124,1015611457
dimwishlist:item=821154603&perks=3661387068,3142289711,1890422124,1015611457
dimwishlist:item=821154603&perks=4090651448,3142289711,1890422124,1015611457
dimwishlist:item=821154603&perks=1392496348,3142289711,1890422124,1015611457
dimwishlist:item=821154603&perks=1482024992,3142289711,1890422124,1015611457
dimwishlist:item=821154603&perks=1840239774,3142289711,1890422124,1015611457
dimwishlist:item=821154603&perks=3250034553,3142289711,1890422124,1015611457
dimwishlist:item=821154603&perks=839105230,3230963543,1890422124,1015611457
dimwishlist:item=821154603&perks=3661387068,3230963543,1890422124,1015611457
dimwishlist:item=821154603&perks=4090651448,3230963543,1890422124,1015611457
dimwishlist:item=821154603&perks=1392496348,3230963543,1890422124,1015611457
dimwishlist:item=821154603&perks=1482024992,3230963543,1890422124,1015611457
dimwishlist:item=821154603&perks=1840239774,3230963543,1890422124,1015611457
dimwishlist:item=821154603&perks=3250034553,3230963543,1890422124,1015611457
dimwishlist:item=821154603&perks=839105230,106909392,1890422124,1015611457
dimwishlist:item=821154603&perks=3661387068,106909392,1890422124,1015611457
dimwishlist:item=821154603&perks=4090651448,106909392,1890422124,1015611457
dimwishlist:item=821154603&perks=1392496348,106909392,1890422124,1015611457
dimwishlist:item=821154603&perks=1482024992,106909392,1890422124,1015611457
dimwishlist:item=821154603&perks=1840239774,106909392,1890422124,1015611457
dimwishlist:item=821154603&perks=3250034553,106909392,1890422124,1015611457
dimwishlist:item=821154603&perks=3142289711,1890422124,1015611457
dimwishlist:item=821154603&perks=3230963543,1890422124,1015611457
dimwishlist:item=821154603&perks=106909392,1890422124,1015611457
dimwishlist:item=821154603&perks=839105230,1890422124,1015611457
dimwishlist:item=821154603&perks=3661387068,1890422124,1015611457
dimwishlist:item=821154603&perks=4090651448,1890422124,1015611457
dimwishlist:item=821154603&perks=1392496348,1890422124,1015611457
dimwishlist:item=821154603&perks=1482024992,1890422124,1015611457
dimwishlist:item=821154603&perks=1840239774,1890422124,1015611457
dimwishlist:item=821154603&perks=3250034553,1890422124,1015611457
dimwishlist:item=821154603&perks=1890422124,1015611457
dimwishlist:item=821154603&perks=839105230,3142289711,1890422124,3523296417
dimwishlist:item=821154603&perks=3661387068,3142289711,1890422124,3523296417
dimwishlist:item=821154603&perks=4090651448,3142289711,1890422124,3523296417
dimwishlist:item=821154603&perks=1392496348,3142289711,1890422124,3523296417
dimwishlist:item=821154603&perks=1482024992,3142289711,1890422124,3523296417
dimwishlist:item=821154603&perks=1840239774,3142289711,1890422124,3523296417
dimwishlist:item=821154603&perks=3250034553,3142289711,1890422124,3523296417
dimwishlist:item=821154603&perks=839105230,3230963543,1890422124,3523296417
dimwishlist:item=821154603&perks=3661387068,3230963543,1890422124,3523296417
dimwishlist:item=821154603&perks=4090651448,3230963543,1890422124,3523296417
dimwishlist:item=821154603&perks=1392496348,3230963543,1890422124,3523296417
dimwishlist:item=821154603&perks=1482024992,3230963543,1890422124,3523296417
dimwishlist:item=821154603&perks=1840239774,3230963543,1890422124,3523296417
dimwishlist:item=821154603&perks=3250034553,3230963543,1890422124,3523296417
dimwishlist:item=821154603&perks=839105230,106909392,1890422124,3523296417
dimwishlist:item=821154603&perks=3661387068,106909392,1890422124,3523296417
dimwishlist:item=821154603&perks=4090651448,106909392,1890422124,3523296417
dimwishlist:item=821154603&perks=1392496348,106909392,1890422124,3523296417
dimwishlist:item=821154603&perks=1482024992,106909392,1890422124,3523296417
dimwishlist:item=821154603&perks=1840239774,106909392,1890422124,3523296417
dimwishlist:item=821154603&perks=3250034553,106909392,1890422124,3523296417
dimwishlist:item=821154603&perks=3142289711,1890422124,3523296417
dimwishlist:item=821154603&perks=3230963543,1890422124,3523296417
dimwishlist:item=821154603&perks=106909392,1890422124,3523296417
dimwishlist:item=821154603&perks=839105230,1890422124,3523296417
dimwishlist:item=821154603&perks=3661387068,1890422124,3523296417
dimwishlist:item=821154603&perks=4090651448,1890422124,3523296417
dimwishlist:item=821154603&perks=1392496348,1890422124,3523296417
dimwishlist:item=821154603&perks=1482024992,1890422124,3523296417
dimwishlist:item=821154603&perks=1840239774,1890422124,3523296417
dimwishlist:item=821154603&perks=3250034553,1890422124,3523296417
dimwishlist:item=821154603&perks=1890422124,3523296417
// Falling Guillotine
dimwishlist:item=614426548&perks=3666208348,269888150,1749209109,3913600130#notes:PvE Perfect
dimwishlist:item=614426548&perks=3666208348,1749209109,3913600130#notes:PvE
dimwishlist:item=614426548&perks=1749209109,3913600130#notes:PvE
// Cold Denial
dimwishlist:item=1216130969&perks=839105230,1885400500,2450788523,2458213969
dimwishlist:item=1216130969&perks=3661387068,1885400500,2450788523,2458213969
dimwishlist:item=1216130969&perks=4090651448,1885400500,2450788523,2458213969
dimwishlist:item=1216130969&perks=1392496348,1885400500,2450788523,2458213969
dimwishlist:item=1216130969&perks=1482024992,1885400500,2450788523,2458213969
dimwishlist:item=1216130969&perks=1840239774,1885400500,2450788523,2458213969
dimwishlist:item=1216130969&perks=3250034553,1885400500,2450788523,2458213969
dimwishlist:item=1216130969&perks=839105230,3230963543,2450788523,2458213969
dimwishlist:item=1216130969&perks=3661387068,3230963543,2450788523,2458213969
dimwishlist:item=1216130969&perks=4090651448,3230963543,2450788523,2458213969
dimwishlist:item=1216130969&perks=1392496348,3230963543,2450788523,2458213969
dimwishlist:item=1216130969&perks=1482024992,3230963543,2450788523,2458213969
dimwishlist:item=1216130969&perks=1840239774,3230963543,2450788523,2458213969
dimwishlist:item=1216130969&perks=3250034553,3230963543,2450788523,2458213969
dimwishlist:item=1216130969&perks=839105230,679225683,2450788523,2458213969
dimwishlist:item=1216130969&perks=3661387068,679225683,2450788523,2458213969
dimwishlist:item=1216130969&perks=4090651448,679225683,2450788523,2458213969
dimwishlist:item=1216130969&perks=1392496348,679225683,2450788523,2458213969
dimwishlist:item=1216130969&perks=1482024992,679225683,2450788523,2458213969
dimwishlist:item=1216130969&perks=1840239774,679225683,2450788523,2458213969
dimwishlist:item=1216130969&perks=3250034553,679225683,2450788523,2458213969
dimwishlist:item=1216130969&perks=839105230,1561002382,2450788523,2458213969
dimwishlist:item=1216130969&perks=3661387068,1561002382,2450788523,2458213969
dimwishlist:item=1216130969&perks=4090651448,1561002382,2450788523,2458213969
dimwishlist:item=1216130969&perks=1392496348,1561002382,2450788523,2458213969
dimwishlist:item=1216130969&perks=1482024992,1561002382,2450788523,2458213969
dimwishlist:item=1216130969&perks=1840239774,1561002382,2450788523,2458213969
dimwishlist:item=1216130969&perks=3250034553,1561002382,2450788523,2458213969
dimwishlist:item=1216130969&perks=839105230,1968497646,2450788523,2458213969
dimwishlist:item=1216130969&perks=3661387068,1968497646,2450788523,2458213969
dimwishlist:item=1216130969&perks=4090651448,1968497646,2450788523,2458213969
dimwishlist:item=1216130969&perks=1392496348,1968497646,2450788523,2458213969
dimwishlist:item=1216130969&perks=1482024992,1968497646,2450788523,2458213969
dimwishlist:item=1216130969&perks=1840239774,1968497646,2450788523,2458213969
dimwishlist:item=1216130969&perks=3250034553,1968497646,2450788523,2458213969
dimwishlist:item=1216130969&perks=1885400500,2450788523,2458213969
dimwishlist:item=1216130969&perks=3230963543,2450788523,2458213969
dimwishlist:item=1216130969&perks=679225683,2450788523,2458213969
dimwishlist:item=1216130969&perks=1561002382,2450788523,2458213969
dimwishlist:item=1216130969&perks=1968497646,2450788523,2458213969
dimwishlist:item=1216130969&perks=839105230,2450788523,2458213969
dimwishlist:item=1216130969&perks=3661387068,2450788523,2458213969
dimwishlist:item=1216130969&perks=4090651448,2450788523,2458213969
dimwishlist:item=1216130969&perks=1392496348,2450788523,2458213969
dimwishlist:item=1216130969&perks=1482024992,2450788523,2458213969
dimwishlist:item=1216130969&perks=1840239774,2450788523,2458213969
dimwishlist:item=1216130969&perks=3250034553,2450788523,2458213969
dimwishlist:item=1216130969&perks=2450788523,2458213969
dimwishlist:item=1216130969&perks=839105230,1885400500,2450788523,460017080
dimwishlist:item=1216130969&perks=3661387068,1885400500,2450788523,460017080
dimwishlist:item=1216130969&perks=4090651448,1885400500,2450788523,460017080
dimwishlist:item=1216130969&perks=1392496348,1885400500,2450788523,460017080
dimwishlist:item=1216130969&perks=1482024992,1885400500,2450788523,460017080
dimwishlist:item=1216130969&perks=1840239774,1885400500,2450788523,460017080
dimwishlist:item=1216130969&perks=3250034553,1885400500,2450788523,460017080
dimwishlist:item=1216130969&perks=839105230,3230963543,2450788523,460017080
dimwishlist:item=1216130969&perks=3661387068,3230963543,2450788523,460017080
dimwishlist:item=1216130969&perks=4090651448,3230963543,2450788523,460017080
dimwishlist:item=1216130969&perks=1392496348,3230963543,2450788523,460017080
dimwishlist:item=1216130969&perks=1482024992,3230963543,2450788523,460017080
dimwishlist:item=1216130969&perks=1840239774,3230963543,2450788523,460017080
dimwishlist:item=1216130969&perks=3250034553,3230963543,2450788523,460017080
dimwishlist:item=1216130969&perks=839105230,679225683,2450788523,460017080
dimwishlist:item=1216130969&perks=3661387068,679225683,2450788523,460017080
dimwishlist:item=1216130969&perks=4090651448,679225683,2450788523,460017080
dimwishlist:item=1216130969&perks=1392496348,679225683,2450788523,460017080
dimwishlist:item=1216130969&perks=1482024992,679225683,2450788523,460017080
dimwishlist:item=1216130969&perks=1840239774,679225683,2450788523,460017080
dimwishlist:item=1216130969&perks=3250034553,679225683,2450788523,460017080
dimwishlist:item=1216130969&perks=839105230,1561002382,2450788523,460017080
dimwishlist:item=1216130969&perks=3661387068,1561002382,2450788523,460017080
dimwishlist:item=1216130969&perks=4090651448,1561002382,2450788523,460017080
dimwishlist:item=1216130969&perks=1392496348,1561002382,2450788523,460017080
dimwishlist:item=1216130969&perks=1482024992,1561002382,2450788523,460017080
dimwishlist:item=1216130969&perks=1840239774,1561002382,2450788523,460017080
dimwishlist:item=1216130969&perks=3250034553,1561002382,2450788523,460017080
dimwishlist:item=1216130969&perks=839105230,1968497646,2450788523,460017080
dimwishlist:item=1216130969&perks=3661387068,1968497646,2450788523,460017080
dimwishlist:item=1216130969&perks=4090651448,1968497646,2450788523,460017080
dimwishlist:item=1216130969&perks=1392496348,1968497646,2450788523,460017080
dimwishlist:item=1216130969&perks=1482024992,1968497646,2450788523,460017080
dimwishlist:item=1216130969&perks=1840239774,1968497646,2450788523,460017080
dimwishlist:item=1216130969&perks=3250034553,1968497646,2450788523,460017080
dimwishlist:item=1216130969&perks=1885400500,2450788523,460017080
dimwishlist:item=1216130969&perks=3230963543,2450788523,460017080
dimwishlist:item=1216130969&perks=679225683,2450788523,460017080
dimwishlist:item=1216130969&perks=1561002382,2450788523,460017080
dimwishlist:item=1216130969&perks=1968497646,2450788523,460017080
dimwishlist:item=1216130969&perks=839105230,2450788523,460017080
dimwishlist:item=1216130969&perks=3661387068,2450788523,460017080
dimwishlist:item=1216130969&perks=4090651448,2450788523,460017080
dimwishlist:item=1216130969&perks=1392496348,2450788523,460017080
dimwishlist:item=1216130969&perks=1482024992,2450788523,460017080
dimwishlist:item=1216130969&perks=1840239774,2450788523,460017080
dimwishlist:item=1216130969&perks=3250034553,2450788523,460017080
dimwishlist:item=1216130969&perks=2450788523,460017080
dimwishlist:item=1216130969&perks=839105230,1885400500,2450788523,4082225868
dimwishlist:item=1216130969&perks=3661387068,1885400500,2450788523,4082225868
dimwishlist:item=1216130969&perks=4090651448,1885400500,2450788523,4082225868
dimwishlist:item=1216130969&perks=1392496348,1885400500,2450788523,4082225868
dimwishlist:item=1216130969&perks=1482024992,1885400500,2450788523,4082225868
dimwishlist:item=1216130969&perks=1840239774,1885400500,2450788523,4082225868
dimwishlist:item=1216130969&perks=3250034553,1885400500,2450788523,4082225868
dimwishlist:item=1216130969&perks=839105230,3230963543,2450788523,4082225868
dimwishlist:item=1216130969&perks=3661387068,3230963543,2450788523,4082225868
dimwishlist:item=1216130969&perks=4090651448,3230963543,2450788523,4082225868
dimwishlist:item=1216130969&perks=1392496348,3230963543,2450788523,4082225868
dimwishlist:item=1216130969&perks=1482024992,3230963543,2450788523,4082225868
dimwishlist:item=1216130969&perks=1840239774,3230963543,2450788523,4082225868
dimwishlist:item=1216130969&perks=3250034553,3230963543,2450788523,4082225868
dimwishlist:item=1216130969&perks=839105230,679225683,2450788523,4082225868
dimwishlist:item=1216130969&perks=3661387068,679225683,2450788523,4082225868
dimwishlist:item=1216130969&perks=4090651448,679225683,2450788523,4082225868
dimwishlist:item=1216130969&perks=1392496348,679225683,2450788523,4082225868
dimwishlist:item=1216130969&perks=1482024992,679225683,2450788523,4082225868
dimwishlist:item=1216130969&perks=1840239774,679225683,2450788523,4082225868
dimwishlist:item=1216130969&perks=3250034553,679225683,2450788523,4082225868
dimwishlist:item=1216130969&perks=839105230,1561002382,2450788523,4082225868
dimwishlist:item=1216130969&perks=3661387068,1561002382,2450788523,4082225868
dimwishlist:item=1216130969&perks=4090651448,1561002382,2450788523,4082225868
dimwishlist:item=1216130969&perks=1392496348,1561002382,2450788523,4082225868
dimwishlist:item=1216130969&perks=1482024992,1561002382,2450788523,4082225868
dimwishlist:item=1216130969&perks=1840239774,1561002382,2450788523,4082225868
dimwishlist:item=1216130969&perks=3250034553,1561002382,2450788523,4082225868
dimwishlist:item=1216130969&perks=839105230,1968497646,2450788523,4082225868
dimwishlist:item=1216130969&perks=3661387068,1968497646,2450788523,4082225868
dimwishlist:item=1216130969&perks=4090651448,1968497646,2450788523,4082225868
dimwishlist:item=1216130969&perks=1392496348,1968497646,2450788523,4082225868
dimwishlist:item=1216130969&perks=1482024992,1968497646,2450788523,4082225868
dimwishlist:item=1216130969&perks=1840239774,1968497646,2450788523,4082225868
dimwishlist:item=1216130969&perks=3250034553,1968497646,2450788523,4082225868
dimwishlist:item=1216130969&perks=1885400500,2450788523,4082225868
dimwishlist:item=1216130969&perks=3230963543,2450788523,4082225868
dimwishlist:item=1216130969&perks=679225683,2450788523,4082225868
dimwishlist:item=1216130969&perks=1561002382,2450788523,4082225868
dimwishlist:item=1216130969&perks=1968497646,2450788523,4082225868
dimwishlist:item=1216130969&perks=839105230,2450788523,4082225868
dimwishlist:item=1216130969&perks=3661387068,2450788523,4082225868
dimwishlist:item=1216130969&perks=4090651448,2450788523,4082225868
dimwishlist:item=1216130969&perks=1392496348,2450788523,4082225868
dimwishlist:item=1216130969&perks=1482024992,2450788523,4082225868
dimwishlist:item=1216130969&perks=1840239774,2450788523,4082225868
dimwishlist:item=1216130969&perks=3250034553,2450788523,4082225868
dimwishlist:item=1216130969&perks=2450788523,4082225868
dimwishlist:item=1216130969&perks=839105230,1885400500,2779035018,2458213969
dimwishlist:item=1216130969&perks=3661387068,1885400500,2779035018,2458213969
dimwishlist:item=1216130969&perks=4090651448,1885400500,2779035018,2458213969
dimwishlist:item=1216130969&perks=1392496348,1885400500,2779035018,2458213969
dimwishlist:item=1216130969&perks=1482024992,1885400500,2779035018,2458213969
dimwishlist:item=1216130969&perks=1840239774,1885400500,2779035018,2458213969
dimwishlist:item=1216130969&perks=3250034553,1885400500,2779035018,2458213969
dimwishlist:item=1216130969&perks=839105230,3230963543,2779035018,2458213969
dimwishlist:item=1216130969&perks=3661387068,3230963543,2779035018,2458213969
dimwishlist:item=1216130969&perks=4090651448,3230963543,2779035018,2458213969
dimwishlist:item=1216130969&perks=1392496348,3230963543,2779035018,2458213969
dimwishlist:item=1216130969&perks=1482024992,3230963543,2779035018,2458213969
dimwishlist:item=1216130969&perks=1840239774,3230963543,2779035018,2458213969
dimwishlist:item=1216130969&perks=3250034553,3230963543,2779035018,2458213969
dimwishlist:item=1216130969&perks=839105230,679225683,2779035018,2458213969
dimwishlist:item=1216130969&perks=3661387068,679225683,2779035018,2458213969
dimwishlist:item=1216130969&perks=4090651448,679225683,2779035018,2458213969
dimwishlist:item=1216130969&perks=1392496348,679225683,2779035018,2458213969
dimwishlist:item=1216130969&perks=1482024992,679225683,2779035018,2458213969
dimwishlist:item=1216130969&perks=1840239774,679225683,2779035018,2458213969
dimwishlist:item=1216130969&perks=3250034553,679225683,2779035018,2458213969
dimwishlist:item=1216130969&perks=839105230,1561002382,2779035018,2458213969
dimwishlist:item=1216130969&perks=3661387068,1561002382,2779035018,2458213969
dimwishlist:item=1216130969&perks=4090651448,1561002382,2779035018,2458213969
dimwishlist:item=1216130969&perks=1392496348,1561002382,2779035018,2458213969
dimwishlist:item=1216130969&perks=1482024992,1561002382,2779035018,2458213969
dimwishlist:item=1216130969&perks=1840239774,1561002382,2779035018,2458213969
dimwishlist:item=1216130969&perks=3250034553,1561002382,2779035018,2458213969
dimwishlist:item=1216130969&perks=839105230,1968497646,2779035018,2458213969
dimwishlist:item=1216130969&perks=3661387068,1968497646,2779035018,2458213969
dimwishlist:item=1216130969&perks=4090651448,1968497646,2779035018,2458213969
dimwishlist:item=1216130969&perks=1392496348,1968497646,2779035018,2458213969
dimwishlist:item=1216130969&perks=1482024992,1968497646,2779035018,2458213969
dimwishlist:item=1216130969&perks=1840239774,1968497646,2779035018,2458213969
dimwishlist:item=1216130969&perks=3250034553,1968497646,2779035018,2458213969
dimwishlist:item=1216130969&perks=1885400500,2779035018,2458213969
dimwishlist:item=1216130969&perks=3230963543,2779035018,2458213969
dimwishlist:item=1216130969&perks=679225683,2779035018,2458213969
dimwishlist:item=1216130969&perks=1561002382,2779035018,2458213969
dimwishlist:item=1216130969&perks=1968497646,2779035018,2458213969
dimwishlist:item=1216130969&perks=839105230,2779035018,2458213969
dimwishlist:item=1216130969&perks=3661387068,2779035018,2458213969
dimwishlist:item=1216130969&perks=4090651448,2779035018,2458213969
dimwishlist:item=1216130969&perks=1392496348,2779035018,2458213969
dimwishlist:item=1216130969&perks=1482024992,2779035018,2458213969
dimwishlist:item=1216130969&perks=1840239774,2779035018,2458213969
dimwishlist:item=1216130969&perks=3250034553,2779035018,2458213969
dimwishlist:item=1216130969&perks=2779035018,2458213969
// Truthteller
dimwishlist:item=1946491241&perks=981914802,3301904089,3300816228,3523296417
dimwishlist:item=1946491241&perks=3301904089,3300816228,3523296417
dimwishlist:item=1946491241&perks=981914802,3300816228,3523296417
dimwishlist:item=1946491241&perks=3300816228,3523296417
dimwishlist:item=1946491241&perks=981914802,3301904089,2779035018,2458213969
dimwishlist:item=1946491241&perks=3301904089,2779035018,2458213969
dimwishlist:item=1946491241&perks=981914802,2779035018,2458213969
dimwishlist:item=1946491241&perks=2779035018,2458213969
dimwishlist:item=1946491241&perks=3525010810,409831596,3300816228,1683379515
dimwishlist:item=1946491241&perks=3525010810,409831596,3300816228,1683379515
dimwishlist:item=1946491241&perks=409831596,3300816228,1683379515
dimwishlist:item=1946491241&perks=3525010810,3300816228,1683379515
dimwishlist:item=1946491241&perks=3525010810,409831596,1683379515
dimwishlist:item=1946491241&perks=3300816228,1683379515
dimwishlist:item=1946491241&perks=409831596,1683379515
dimwishlist:item=1946491241&perks=3525010810,1683379515
dimwishlist:item=1946491241&perks=1683379515
// Bad Omens
dimwishlist:item=991314988&perks=1478423395,3796465595,3977735242,1275731761
dimwishlist:item=991314988&perks=981914802,2822142346,3300816228,1275731761
dimwishlist:item=991314988&perks=981914802,2822142346,3977735242,1275731761
dimwishlist:item=991314988&perks=981914802,2822142346,2869569095,1275731761
dimwishlist:item=991314988&perks=981914802,3492396210,3300816228,1275731761
dimwishlist:item=991314988&perks=981914802,3492396210,3977735242,1275731761
dimwishlist:item=991314988&perks=981914802,3492396210,2869569095,1275731761
dimwishlist:item=991314988&perks=2822142346,3300816228,1275731761
dimwishlist:item=991314988&perks=2822142346,3977735242,1275731761
dimwishlist:item=991314988&perks=2822142346,2869569095,1275731761
dimwishlist:item=991314988&perks=3492396210,3300816228,1275731761
dimwishlist:item=991314988&perks=3492396210,3977735242,1275731761
dimwishlist:item=991314988&perks=3492396210,2869569095,1275731761
dimwishlist:item=991314988&perks=981914802,3977735242,1275731761
dimwishlist:item=991314988&perks=981914802,3300816228,1275731761
dimwishlist:item=991314988&perks=981914802,2869569095,1275731761
dimwishlist:item=991314988&perks=3977735242,1275731761
dimwishlist:item=991314988&perks=3300816228,1275731761
dimwishlist:item=991314988&perks=2869569095,1275731761
// Night Watch
dimwishlist:item=3504336176&perks=839105230,106909392,247725512,3523296417
dimwishlist:item=3504336176&perks=3661387068,106909392,247725512,3523296417
dimwishlist:item=3504336176&perks=4090651448,106909392,247725512,3523296417
dimwishlist:item=3504336176&perks=1392496348,106909392,247725512,3523296417
dimwishlist:item=3504336176&perks=1482024992,106909392,247725512,3523296417
dimwishlist:item=3504336176&perks=1840239774,106909392,247725512,3523296417
dimwishlist:item=3504336176&perks=3250034553,106909392,247725512,3523296417
dimwishlist:item=3504336176&perks=839105230,3142289711,247725512,3523296417
dimwishlist:item=3504336176&perks=3661387068,3142289711,247725512,3523296417
dimwishlist:item=3504336176&perks=4090651448,3142289711,247725512,3523296417
dimwishlist:item=3504336176&perks=1392496348,3142289711,247725512,3523296417
dimwishlist:item=3504336176&perks=1482024992,3142289711,247725512,3523296417
dimwishlist:item=3504336176&perks=1840239774,3142289711,247725512,3523296417
dimwishlist:item=3504336176&perks=3250034553,3142289711,247725512,3523296417
dimwishlist:item=3504336176&perks=839105230,3230963543,247725512,3523296417
dimwishlist:item=3504336176&perks=3661387068,3230963543,247725512,3523296417
dimwishlist:item=3504336176&perks=4090651448,3230963543,247725512,3523296417
dimwishlist:item=3504336176&perks=1392496348,3230963543,247725512,3523296417
dimwishlist:item=3504336176&perks=1482024992,3230963543,247725512,3523296417
dimwishlist:item=3504336176&perks=1840239774,3230963543,247725512,3523296417
dimwishlist:item=3504336176&perks=3250034553,3230963543,247725512,3523296417
dimwishlist:item=3504336176&perks=839105230,3177308360,247725512,3523296417
dimwishlist:item=3504336176&perks=3661387068,3177308360,247725512,3523296417
dimwishlist:item=3504336176&perks=4090651448,3177308360,247725512,3523296417
dimwishlist:item=3504336176&perks=1392496348,3177308360,247725512,3523296417
dimwishlist:item=3504336176&perks=1482024992,3177308360,247725512,3523296417
dimwishlist:item=3504336176&perks=1840239774,3177308360,247725512,3523296417
dimwishlist:item=3504336176&perks=3250034553,3177308360,247725512,3523296417
dimwishlist:item=3504336176&perks=839105230,1087426260,247725512,3523296417
dimwishlist:item=3504336176&perks=3661387068,1087426260,247725512,3523296417
dimwishlist:item=3504336176&perks=4090651448,1087426260,247725512,3523296417
dimwishlist:item=3504336176&perks=1392496348,1087426260,247725512,3523296417
dimwishlist:item=3504336176&perks=1482024992,1087426260,247725512,3523296417
dimwishlist:item=3504336176&perks=1840239774,1087426260,247725512,3523296417
dimwishlist:item=3504336176&perks=3250034553,1087426260,247725512,3523296417
dimwishlist:item=3504336176&perks=106909392,247725512,3523296417
dimwishlist:item=3504336176&perks=3142289711,247725512,3523296417
dimwishlist:item=3504336176&perks=3230963543,247725512,3523296417
dimwishlist:item=3504336176&perks=3177308360,247725512,3523296417
dimwishlist:item=3504336176&perks=1087426260,247725512,3523296417
dimwishlist:item=3504336176&perks=839105230,247725512,3523296417
dimwishlist:item=3504336176&perks=3661387068,247725512,3523296417
dimwishlist:item=3504336176&perks=4090651448,247725512,3523296417
dimwishlist:item=3504336176&perks=1392496348,247725512,3523296417
dimwishlist:item=3504336176&perks=1482024992,247725512,3523296417
dimwishlist:item=3504336176&perks=1840239774,247725512,3523296417
dimwishlist:item=3504336176&perks=3250034553,247725512,3523296417
dimwishlist:item=3504336176&perks=247725512,3523296417
dimwishlist:item=3504336176&perks=839105230,106909392,247725512,2458213969
dimwishlist:item=3504336176&perks=3661387068,106909392,247725512,2458213969
dimwishlist:item=3504336176&perks=4090651448,106909392,247725512,2458213969
dimwishlist:item=3504336176&perks=1392496348,106909392,247725512,2458213969
dimwishlist:item=3504336176&perks=1482024992,106909392,247725512,2458213969
dimwishlist:item=3504336176&perks=1840239774,106909392,247725512,2458213969
dimwishlist:item=3504336176&perks=3250034553,106909392,247725512,2458213969
dimwishlist:item=3504336176&perks=839105230,3142289711,247725512,2458213969
dimwishlist:item=3504336176&perks=3661387068,3142289711,247725512,2458213969
dimwishlist:item=3504336176&perks=4090651448,3142289711,247725512,2458213969
dimwishlist:item=3504336176&perks=1392496348,3142289711,247725512,2458213969
dimwishlist:item=3504336176&perks=1482024992,3142289711,247725512,2458213969
dimwishlist:item=3504336176&perks=1840239774,3142289711,247725512,2458213969
dimwishlist:item=3504336176&perks=3250034553,3142289711,247725512,2458213969
dimwishlist:item=3504336176&perks=839105230,3230963543,247725512,2458213969
dimwishlist:item=3504336176&perks=3661387068,3230963543,247725512,2458213969
dimwishlist:item=3504336176&perks=4090651448,3230963543,247725512,2458213969
dimwishlist:item=3504336176&perks=1392496348,3230963543,247725512,2458213969
dimwishlist:item=3504336176&perks=1482024992,3230963543,247725512,2458213969
dimwishlist:item=3504336176&perks=1840239774,3230963543,247725512,2458213969
dimwishlist:item=3504336176&perks=3250034553,3230963543,247725512,2458213969
dimwishlist:item=3504336176&perks=839105230,3177308360,247725512,2458213969
dimwishlist:item=3504336176&perks=3661387068,3177308360,247725512,2458213969
dimwishlist:item=3504336176&perks=4090651448,3177308360,247725512,2458213969
dimwishlist:item=3504336176&perks=1392496348,3177308360,247725512,2458213969
dimwishlist:item=3504336176&perks=1482024992,3177308360,247725512,2458213969
dimwishlist:item=3504336176&perks=1840239774,3177308360,247725512,2458213969
dimwishlist:item=3504336176&perks=3250034553,3177308360,247725512,2458213969
dimwishlist:item=3504336176&perks=839105230,1087426260,247725512,2458213969
dimwishlist:item=3504336176&perks=3661387068,1087426260,247725512,2458213969
dimwishlist:item=3504336176&perks=4090651448,1087426260,247725512,2458213969
dimwishlist:item=3504336176&perks=1392496348,1087426260,247725512,2458213969
dimwishlist:item=3504336176&perks=1482024992,1087426260,247725512,2458213969
dimwishlist:item=3504336176&perks=1840239774,1087426260,247725512,2458213969
dimwishlist:item=3504336176&perks=3250034553,1087426260,247725512,2458213969
dimwishlist:item=3504336176&perks=106909392,247725512,2458213969
dimwishlist:item=3504336176&perks=3142289711,247725512,2458213969
dimwishlist:item=3504336176&perks=3230963543,247725512,2458213969
dimwishlist:item=3504336176&perks=3177308360,247725512,2458213969
dimwishlist:item=3504336176&perks=1087426260,247725512,2458213969
dimwishlist:item=3504336176&perks=839105230,247725512,2458213969
dimwishlist:item=3504336176&perks=3661387068,247725512,2458213969
dimwishlist:item=3504336176&perks=4090651448,247725512,2458213969
dimwishlist:item=3504336176&perks=1392496348,247725512,2458213969
dimwishlist:item=3504336176&perks=1482024992,247725512,2458213969
dimwishlist:item=3504336176&perks=1840239774,247725512,2458213969
dimwishlist:item=3504336176&perks=3250034553,247725512,2458213969
dimwishlist:item=3504336176&perks=247725512,2458213969
dimwishlist:item=3504336176&perks=839105230,106909392,247725512,3425386926
dimwishlist:item=3504336176&perks=3661387068,106909392,247725512,3425386926
dimwishlist:item=3504336176&perks=4090651448,106909392,247725512,3425386926
dimwishlist:item=3504336176&perks=1392496348,106909392,247725512,3425386926
dimwishlist:item=3504336176&perks=1482024992,106909392,247725512,3425386926
dimwishlist:item=3504336176&perks=1840239774,106909392,247725512,3425386926
dimwishlist:item=3504336176&perks=3250034553,106909392,247725512,3425386926
dimwishlist:item=3504336176&perks=839105230,3142289711,247725512,3425386926
dimwishlist:item=3504336176&perks=3661387068,3142289711,247725512,3425386926
dimwishlist:item=3504336176&perks=4090651448,3142289711,247725512,3425386926
dimwishlist:item=3504336176&perks=1392496348,3142289711,247725512,3425386926
dimwishlist:item=3504336176&perks=1482024992,3142289711,247725512,3425386926
dimwishlist:item=3504336176&perks=1840239774,3142289711,247725512,3425386926
dimwishlist:item=3504336176&perks=3250034553,3142289711,247725512,3425386926
dimwishlist:item=3504336176&perks=839105230,3230963543,247725512,3425386926
dimwishlist:item=3504336176&perks=3661387068,3230963543,247725512,3425386926
dimwishlist:item=3504336176&perks=4090651448,3230963543,247725512,3425386926
dimwishlist:item=3504336176&perks=1392496348,3230963543,247725512,3425386926
dimwishlist:item=3504336176&perks=1482024992,3230963543,247725512,3425386926
dimwishlist:item=3504336176&perks=1840239774,3230963543,247725512,3425386926
dimwishlist:item=3504336176&perks=3250034553,3230963543,247725512,3425386926
dimwishlist:item=3504336176&perks=839105230,3177308360,247725512,3425386926
dimwishlist:item=3504336176&perks=3661387068,3177308360,247725512,3425386926
dimwishlist:item=3504336176&perks=4090651448,3177308360,247725512,3425386926
dimwishlist:item=3504336176&perks=1392496348,3177308360,247725512,3425386926
dimwishlist:item=3504336176&perks=1482024992,3177308360,247725512,3425386926
dimwishlist:item=3504336176&perks=1840239774,3177308360,247725512,3425386926
dimwishlist:item=3504336176&perks=3250034553,3177308360,247725512,3425386926
dimwishlist:item=3504336176&perks=839105230,1087426260,247725512,3425386926
dimwishlist:item=3504336176&perks=3661387068,1087426260,247725512,3425386926
dimwishlist:item=3504336176&perks=4090651448,1087426260,247725512,3425386926
dimwishlist:item=3504336176&perks=1392496348,1087426260,247725512,3425386926
dimwishlist:item=3504336176&perks=1482024992,1087426260,247725512,3425386926
dimwishlist:item=3504336176&perks=1840239774,1087426260,247725512,3425386926
dimwishlist:item=3504336176&perks=3250034553,1087426260,247725512,3425386926
dimwishlist:item=3504336176&perks=106909392,247725512,3425386926
dimwishlist:item=3504336176&perks=3142289711,247725512,3425386926
dimwishlist:item=3504336176&perks=3230963543,247725512,3425386926
dimwishlist:item=3504336176&perks=3177308360,247725512,3425386926
dimwishlist:item=3504336176&perks=1087426260,247725512,3425386926
dimwishlist:item=3504336176&perks=839105230,247725512,3425386926
dimwishlist:item=3504336176&perks=3661387068,247725512,3425386926
dimwishlist:item=3504336176&perks=4090651448,247725512,3425386926
dimwishlist:item=3504336176&perks=1392496348,247725512,3425386926
dimwishlist:item=3504336176&perks=1482024992,247725512,3425386926
dimwishlist:item=3504336176&perks=1840239774,247725512,3425386926
dimwishlist:item=3504336176&perks=3250034553,247725512,3425386926
dimwishlist:item=3504336176&perks=247725512,3425386926
dimwishlist:item=3504336176&perks=839105230,106909392,1168162263,3523296417
dimwishlist:item=3504336176&perks=3661387068,106909392,1168162263,3523296417
dimwishlist:item=3504336176&perks=4090651448,106909392,1168162263,3523296417
dimwishlist:item=3504336176&perks=1392496348,106909392,1168162263,3523296417
dimwishlist:item=3504336176&perks=1482024992,106909392,1168162263,3523296417
dimwishlist:item=3504336176&perks=1840239774,106909392,1168162263,3523296417
dimwishlist:item=3504336176&perks=3250034553,106909392,1168162263,3523296417
dimwishlist:item=3504336176&perks=839105230,3142289711,1168162263,3523296417
dimwishlist:item=3504336176&perks=3661387068,3142289711,1168162263,3523296417
dimwishlist:item=3504336176&perks=4090651448,3142289711,1168162263,3523296417
dimwishlist:item=3504336176&perks=1392496348,3142289711,1168162263,3523296417
dimwishlist:item=3504336176&perks=1482024992,3142289711,1168162263,3523296417
dimwishlist:item=3504336176&perks=1840239774,3142289711,1168162263,3523296417
dimwishlist:item=3504336176&perks=3250034553,3142289711,1168162263,3523296417
dimwishlist:item=3504336176&perks=839105230,3230963543,1168162263,3523296417
dimwishlist:item=3504336176&perks=3661387068,3230963543,1168162263,3523296417
dimwishlist:item=3504336176&perks=4090651448,3230963543,1168162263,3523296417
dimwishlist:item=3504336176&perks=1392496348,3230963543,1168162263,3523296417
dimwishlist:item=3504336176&perks=1482024992,3230963543,1168162263,3523296417
dimwishlist:item=3504336176&perks=1840239774,3230963543,1168162263,3523296417
dimwishlist:item=3504336176&perks=3250034553,3230963543,1168162263,3523296417
dimwishlist:item=3504336176&perks=839105230,3177308360,1168162263,3523296417
dimwishlist:item=3504336176&perks=3661387068,3177308360,1168162263,3523296417
dimwishlist:item=3504336176&perks=4090651448,3177308360,1168162263,3523296417
dimwishlist:item=3504336176&perks=1392496348,3177308360,1168162263,3523296417
dimwishlist:item=3504336176&perks=1482024992,3177308360,1168162263,3523296417
dimwishlist:item=3504336176&perks=1840239774,3177308360,1168162263,3523296417
dimwishlist:item=3504336176&perks=3250034553,3177308360,1168162263,3523296417
dimwishlist:item=3504336176&perks=839105230,1087426260,1168162263,3523296417
dimwishlist:item=3504336176&perks=3661387068,1087426260,1168162263,3523296417
dimwishlist:item=3504336176&perks=4090651448,1087426260,1168162263,3523296417
dimwishlist:item=3504336176&perks=1392496348,1087426260,1168162263,3523296417
dimwishlist:item=3504336176&perks=1482024992,1087426260,1168162263,3523296417
dimwishlist:item=3504336176&perks=1840239774,1087426260,1168162263,3523296417
dimwishlist:item=3504336176&perks=3250034553,1087426260,1168162263,3523296417
dimwishlist:item=3504336176&perks=106909392,1168162263,3523296417
dimwishlist:item=3504336176&perks=3142289711,1168162263,3523296417
dimwishlist:item=3504336176&perks=3230963543,1168162263,3523296417
dimwishlist:item=3504336176&perks=3177308360,1168162263,3523296417
dimwishlist:item=3504336176&perks=1087426260,1168162263,3523296417
dimwishlist:item=3504336176&perks=839105230,1168162263,3523296417
dimwishlist:item=3504336176&perks=3661387068,1168162263,3523296417
dimwishlist:item=3504336176&perks=4090651448,1168162263,3523296417
dimwishlist:item=3504336176&perks=1392496348,1168162263,3523296417
dimwishlist:item=3504336176&perks=1482024992,1168162263,3523296417
dimwishlist:item=3504336176&perks=1840239774,1168162263,3523296417
dimwishlist:item=3504336176&perks=3250034553,1168162263,3523296417
dimwishlist:item=3504336176&perks=1168162263,3523296417
dimwishlist:item=3504336176&perks=839105230,106909392,1168162263,2458213969
dimwishlist:item=3504336176&perks=3661387068,106909392,1168162263,2458213969
dimwishlist:item=3504336176&perks=4090651448,106909392,1168162263,2458213969
dimwishlist:item=3504336176&perks=1392496348,106909392,1168162263,2458213969
dimwishlist:item=3504336176&perks=1482024992,106909392,1168162263,2458213969
dimwishlist:item=3504336176&perks=1840239774,106909392,1168162263,2458213969
dimwishlist:item=3504336176&perks=3250034553,106909392,1168162263,2458213969
dimwishlist:item=3504336176&perks=839105230,3142289711,1168162263,2458213969
dimwishlist:item=3504336176&perks=3661387068,3142289711,1168162263,2458213969
dimwishlist:item=3504336176&perks=4090651448,3142289711,1168162263,2458213969
dimwishlist:item=3504336176&perks=1392496348,3142289711,1168162263,2458213969
dimwishlist:item=3504336176&perks=1482024992,3142289711,1168162263,2458213969
dimwishlist:item=3504336176&perks=1840239774,3142289711,1168162263,2458213969
dimwishlist:item=3504336176&perks=3250034553,3142289711,1168162263,2458213969
dimwishlist:item=3504336176&perks=839105230,3230963543,1168162263,2458213969
dimwishlist:item=3504336176&perks=3661387068,3230963543,1168162263,2458213969
dimwishlist:item=3504336176&perks=4090651448,3230963543,1168162263,2458213969
dimwishlist:item=3504336176&perks=1392496348,3230963543,1168162263,2458213969
dimwishlist:item=3504336176&perks=1482024992,3230963543,1168162263,2458213969
dimwishlist:item=3504336176&perks=1840239774,3230963543,1168162263,2458213969
dimwishlist:item=3504336176&perks=3250034553,3230963543,1168162263,2458213969
dimwishlist:item=3504336176&perks=839105230,3177308360,1168162263,2458213969
dimwishlist:item=3504336176&perks=3661387068,3177308360,1168162263,2458213969
dimwishlist:item=3504336176&perks=4090651448,3177308360,1168162263,2458213969
dimwishlist:item=3504336176&perks=1392496348,3177308360,1168162263,2458213969
dimwishlist:item=3504336176&perks=1482024992,3177308360,1168162263,2458213969
dimwishlist:item=3504336176&perks=1840239774,3177308360,1168162263,2458213969
dimwishlist:item=3504336176&perks=3250034553,3177308360,1168162263,2458213969
dimwishlist:item=3504336176&perks=839105230,1087426260,1168162263,2458213969
dimwishlist:item=3504336176&perks=3661387068,1087426260,1168162263,2458213969
dimwishlist:item=3504336176&perks=4090651448,1087426260,1168162263,2458213969
dimwishlist:item=3504336176&perks=1392496348,1087426260,1168162263,2458213969
dimwishlist:item=3504336176&perks=1482024992,1087426260,1168162263,2458213969
dimwishlist:item=3504336176&perks=1840239774,1087426260,1168162263,2458213969
dimwishlist:item=3504336176&perks=3250034553,1087426260,1168162263,2458213969
dimwishlist:item=3504336176&perks=106909392,1168162263,2458213969
dimwishlist:item=3504336176&perks=3142289711,1168162263,2458213969
dimwishlist:item=3504336176&perks=3230963543,1168162263,2458213969
dimwishlist:item=3504336176&perks=3177308360,1168162263,2458213969
dimwishlist:item=3504336176&perks=1087426260,1168162263,2458213969
dimwishlist:item=3504336176&perks=839105230,1168162263,2458213969
dimwishlist:item=3504336176&perks=3661387068,1168162263,2458213969
dimwishlist:item=3504336176&perks=4090651448,1168162263,2458213969
dimwishlist:item=3504336176&perks=1392496348,1168162263,2458213969
dimwishlist:item=3504336176&perks=1482024992,1168162263,2458213969
dimwishlist:item=3504336176&perks=1840239774,1168162263,2458213969
dimwishlist:item=3504336176&perks=3250034553,1168162263,2458213969
dimwishlist:item=3504336176&perks=1168162263,2458213969
dimwishlist:item=3504336176&perks=839105230,106909392,1168162263,3425386926
dimwishlist:item=3504336176&perks=3661387068,106909392,1168162263,3425386926
dimwishlist:item=3504336176&perks=4090651448,106909392,1168162263,3425386926
dimwishlist:item=3504336176&perks=1392496348,106909392,1168162263,3425386926
dimwishlist:item=3504336176&perks=1482024992,106909392,1168162263,3425386926
dimwishlist:item=3504336176&perks=1840239774,106909392,1168162263,3425386926
dimwishlist:item=3504336176&perks=3250034553,106909392,1168162263,3425386926
dimwishlist:item=3504336176&perks=839105230,3142289711,1168162263,3425386926
dimwishlist:item=3504336176&perks=3661387068,3142289711,1168162263,3425386926
dimwishlist:item=3504336176&perks=4090651448,3142289711,1168162263,3425386926
dimwishlist:item=3504336176&perks=1392496348,3142289711,1168162263,3425386926
dimwishlist:item=3504336176&perks=1482024992,3142289711,1168162263,3425386926
dimwishlist:item=3504336176&perks=1840239774,3142289711,1168162263,3425386926
dimwishlist:item=3504336176&perks=3250034553,3142289711,1168162263,3425386926
dimwishlist:item=3504336176&perks=839105230,3230963543,1168162263,3425386926
dimwishlist:item=3504336176&perks=3661387068,3230963543,1168162263,3425386926
dimwishlist:item=3504336176&perks=4090651448,3230963543,1168162263,3425386926
dimwishlist:item=3504336176&perks=1392496348,3230963543,1168162263,3425386926
dimwishlist:item=3504336176&perks=1482024992,3230963543,1168162263,3425386926
dimwishlist:item=3504336176&perks=1840239774,3230963543,1168162263,3425386926
dimwishlist:item=3504336176&perks=3250034553,3230963543,1168162263,3425386926
dimwishlist:item=3504336176&perks=839105230,3177308360,1168162263,3425386926
dimwishlist:item=3504336176&perks=3661387068,3177308360,1168162263,3425386926
dimwishlist:item=3504336176&perks=4090651448,3177308360,1168162263,3425386926
dimwishlist:item=3504336176&perks=1392496348,3177308360,1168162263,3425386926
dimwishlist:item=3504336176&perks=1482024992,3177308360,1168162263,3425386926
dimwishlist:item=3504336176&perks=1840239774,3177308360,1168162263,3425386926
dimwishlist:item=3504336176&perks=3250034553,3177308360,1168162263,3425386926
dimwishlist:item=3504336176&perks=839105230,1087426260,1168162263,3425386926
dimwishlist:item=3504336176&perks=3661387068,1087426260,1168162263,3425386926
dimwishlist:item=3504336176&perks=4090651448,1087426260,1168162263,3425386926
dimwishlist:item=3504336176&perks=1392496348,1087426260,1168162263,3425386926
dimwishlist:item=3504336176&perks=1482024992,1087426260,1168162263,3425386926
dimwishlist:item=3504336176&perks=1840239774,1087426260,1168162263,3425386926
dimwishlist:item=3504336176&perks=3250034553,1087426260,1168162263,3425386926
dimwishlist:item=3504336176&perks=106909392,1168162263,3425386926
dimwishlist:item=3504336176&perks=3142289711,1168162263,3425386926
dimwishlist:item=3504336176&perks=3230963543,1168162263,3425386926
dimwishlist:item=3504336176&perks=3177308360,1168162263,3425386926
dimwishlist:item=3504336176&perks=1087426260,1168162263,3425386926
dimwishlist:item=3504336176&perks=839105230,1168162263,3425386926
dimwishlist:item=3504336176&perks=3661387068,1168162263,3425386926
dimwishlist:item=3504336176&perks=4090651448,1168162263,3425386926
dimwishlist:item=3504336176&perks=1392496348,1168162263,3425386926
dimwishlist:item=3504336176&perks=1482024992,1168162263,3425386926
dimwishlist:item=3504336176&perks=1840239774,1168162263,3425386926
dimwishlist:item=3504336176&perks=3250034553,1168162263,3425386926
dimwishlist:item=3504336176&perks=1168162263,3425386926
// Austringer
dimwishlist:item=2429822977&perks=839105230,106909392,1168162263,3425386926
dimwishlist:item=2429822977&perks=839105230,3142289711,1168162263,3425386926
dimwishlist:item=2429822977&perks=106909392,1168162263,3425386926
dimwishlist:item=2429822977&perks=3142289711,1168162263,3425386926
dimwishlist:item=2429822977&perks=839105230,1168162263,3425386926
dimwishlist:item=2429822977&perks=1168162263,3425386926
dimwishlist:item=2429822977&perks=839105230,3142289711,699525795,2846385770
dimwishlist:item=2429822977&perks=839105230,699525795,2846385770
dimwishlist:item=2429822977&perks=3142289711,699525795,2846385770
dimwishlist:item=2429822977&perks=699525795,2846385770
// Lonesome
dimwishlist:item=2199171672&perks=3661387068,1885400500,247725512,2458213969
dimwishlist:item=2199171672&perks=4090651448,1885400500,247725512,2458213969
dimwishlist:item=2199171672&perks=1392496348,1885400500,247725512,2458213969
dimwishlist:item=2199171672&perks=1482024992,1885400500,247725512,2458213969
dimwishlist:item=2199171672&perks=1840239774,1885400500,247725512,2458213969
dimwishlist:item=2199171672&perks=3250034553,1885400500,247725512,2458213969
dimwishlist:item=2199171672&perks=3661387068,3230963543,247725512,2458213969
dimwishlist:item=2199171672&perks=4090651448,3230963543,247725512,2458213969
dimwishlist:item=2199171672&perks=1392496348,3230963543,247725512,2458213969
dimwishlist:item=2199171672&perks=1482024992,3230963543,247725512,2458213969
dimwishlist:item=2199171672&perks=1840239774,3230963543,247725512,2458213969
dimwishlist:item=2199171672&perks=3250034553,3230963543,247725512,2458213969
dimwishlist:item=2199171672&perks=3661387068,679225683,247725512,2458213969
dimwishlist:item=2199171672&perks=4090651448,679225683,247725512,2458213969
dimwishlist:item=2199171672&perks=1392496348,679225683,247725512,2458213969
dimwishlist:item=2199171672&perks=1482024992,679225683,247725512,2458213969
dimwishlist:item=2199171672&perks=1840239774,679225683,247725512,2458213969
dimwishlist:item=2199171672&perks=3250034553,679225683,247725512,2458213969
dimwishlist:item=2199171672&perks=3661387068,1561002382,247725512,2458213969
dimwishlist:item=2199171672&perks=4090651448,1561002382,247725512,2458213969
dimwishlist:item=2199171672&perks=1392496348,1561002382,247725512,2458213969
dimwishlist:item=2199171672&perks=1482024992,1561002382,247725512,2458213969
dimwishlist:item=2199171672&perks=1840239774,1561002382,247725512,2458213969
dimwishlist:item=2199171672&perks=3250034553,1561002382,247725512,2458213969
dimwishlist:item=2199171672&perks=3661387068,1968497646,247725512,2458213969
dimwishlist:item=2199171672&perks=4090651448,1968497646,247725512,2458213969
dimwishlist:item=2199171672&perks=1392496348,1968497646,247725512,2458213969
dimwishlist:item=2199171672&perks=1482024992,1968497646,247725512,2458213969
dimwishlist:item=2199171672&perks=1840239774,1968497646,247725512,2458213969
dimwishlist:item=2199171672&perks=3250034553,1968497646,247725512,2458213969
dimwishlist:item=2199171672&perks=1885400500,247725512,2458213969
dimwishlist:item=2199171672&perks=3230963543,247725512,2458213969
dimwishlist:item=2199171672&perks=679225683,247725512,2458213969
dimwishlist:item=2199171672&perks=1561002382,247725512,2458213969
dimwishlist:item=2199171672&perks=1968497646,247725512,2458213969
dimwishlist:item=2199171672&perks=3661387068,247725512,2458213969
dimwishlist:item=2199171672&perks=4090651448,247725512,2458213969
dimwishlist:item=2199171672&perks=1392496348,247725512,2458213969
dimwishlist:item=2199171672&perks=1482024992,247725512,2458213969
dimwishlist:item=2199171672&perks=1840239774,247725512,2458213969
dimwishlist:item=2199171672&perks=3250034553,247725512,2458213969
dimwishlist:item=2199171672&perks=247725512,2458213969
dimwishlist:item=2199171672&perks=3661387068,1885400500,4267945040,2458213969
dimwishlist:item=2199171672&perks=4090651448,1885400500,4267945040,2458213969
dimwishlist:item=2199171672&perks=1392496348,1885400500,4267945040,2458213969
dimwishlist:item=2199171672&perks=1482024992,1885400500,4267945040,2458213969
dimwishlist:item=2199171672&perks=1840239774,1885400500,4267945040,2458213969
dimwishlist:item=2199171672&perks=3250034553,1885400500,4267945040,2458213969
dimwishlist:item=2199171672&perks=3661387068,3230963543,4267945040,2458213969
dimwishlist:item=2199171672&perks=4090651448,3230963543,4267945040,2458213969
dimwishlist:item=2199171672&perks=1392496348,3230963543,4267945040,2458213969
dimwishlist:item=2199171672&perks=1482024992,3230963543,4267945040,2458213969
dimwishlist:item=2199171672&perks=1840239774,3230963543,4267945040,2458213969
dimwishlist:item=2199171672&perks=3250034553,3230963543,4267945040,2458213969
dimwishlist:item=2199171672&perks=3661387068,679225683,4267945040,2458213969
dimwishlist:item=2199171672&perks=4090651448,679225683,4267945040,2458213969
dimwishlist:item=2199171672&perks=1392496348,679225683,4267945040,2458213969
dimwishlist:item=2199171672&perks=1482024992,679225683,4267945040,2458213969
dimwishlist:item=2199171672&perks=1840239774,679225683,4267945040,2458213969
dimwishlist:item=2199171672&perks=3250034553,679225683,4267945040,2458213969
dimwishlist:item=2199171672&perks=3661387068,1561002382,4267945040,2458213969
dimwishlist:item=2199171672&perks=4090651448,1561002382,4267945040,2458213969
dimwishlist:item=2199171672&perks=1392496348,1561002382,4267945040,2458213969
dimwishlist:item=2199171672&perks=1482024992,1561002382,4267945040,2458213969
dimwishlist:item=2199171672&perks=1840239774,1561002382,4267945040,2458213969
dimwishlist:item=2199171672&perks=3250034553,1561002382,4267945040,2458213969
dimwishlist:item=2199171672&perks=3661387068,1968497646,4267945040,2458213969
dimwishlist:item=2199171672&perks=4090651448,1968497646,4267945040,2458213969
dimwishlist:item=2199171672&perks=1392496348,1968497646,4267945040,2458213969
dimwishlist:item=2199171672&perks=1482024992,1968497646,4267945040,2458213969
dimwishlist:item=2199171672&perks=1840239774,1968497646,4267945040,2458213969
dimwishlist:item=2199171672&perks=3250034553,1968497646,4267945040,2458213969
dimwishlist:item=2199171672&perks=1885400500,4267945040,2458213969
dimwishlist:item=2199171672&perks=3230963543,4267945040,2458213969
dimwishlist:item=2199171672&perks=679225683,4267945040,2458213969
dimwishlist:item=2199171672&perks=1561002382,4267945040,2458213969
dimwishlist:item=2199171672&perks=1968497646,4267945040,2458213969
dimwishlist:item=2199171672&perks=3661387068,4267945040,2458213969
dimwishlist:item=2199171672&perks=4090651448,4267945040,2458213969
dimwishlist:item=2199171672&perks=1392496348,4267945040,2458213969
dimwishlist:item=2199171672&perks=1482024992,4267945040,2458213969
dimwishlist:item=2199171672&perks=1840239774,4267945040,2458213969
dimwishlist:item=2199171672&perks=3250034553,4267945040,2458213969
dimwishlist:item=2199171672&perks=4267945040,2458213969
// Whispering Slab
dimwishlist:item=211938782&perks=1784898267,3311977193,2450788523,3350417888
dimwishlist:item=211938782&perks=1196733167,3311977193,2450788523,3350417888
dimwishlist:item=211938782&perks=3768438372,3311977193,2450788523,3350417888
dimwishlist:item=211938782&perks=1784898267,3827198035,2450788523,3350417888
dimwishlist:item=211938782&perks=1196733167,3827198035,2450788523,3350417888
dimwishlist:item=211938782&perks=3768438372,3827198035,2450788523,3350417888
dimwishlist:item=211938782&perks=1784898267,2154191829,2450788523,3350417888
dimwishlist:item=211938782&perks=1196733167,2154191829,2450788523,3350417888
dimwishlist:item=211938782&perks=3768438372,2154191829,2450788523,3350417888
dimwishlist:item=211938782&perks=1784898267,2450788523,3350417888
dimwishlist:item=211938782&perks=1196733167,2450788523,3350417888
dimwishlist:item=211938782&perks=3768438372,2450788523,3350417888
dimwishlist:item=211938782&perks=3311977193,2450788523,3350417888
dimwishlist:item=211938782&perks=3827198035,2450788523,3350417888
dimwishlist:item=211938782&perks=2154191829,2450788523,3350417888
dimwishlist:item=211938782&perks=2450788523,3350417888
// IKELOS_SG_v1.0.2
dimwishlist:item=1096206669&perks=3250034553,1087426260,4071163871,2360754333
dimwishlist:item=1096206669&perks=4090651448,1087426260,4071163871,2360754333
dimwishlist:item=1096206669&perks=1840239774,1087426260,4071163871,2360754333
dimwishlist:item=1096206669&perks=1482024992,1087426260,4071163871,2360754333
dimwishlist:item=1096206669&perks=1392496348,1087426260,4071163871,2360754333
dimwishlist:item=1096206669&perks=3250034553,106909392,4071163871,2360754333
dimwishlist:item=1096206669&perks=4090651448,106909392,4071163871,2360754333
dimwishlist:item=1096206669&perks=1840239774,106909392,4071163871,2360754333
dimwishlist:item=1096206669&perks=1482024992,106909392,4071163871,2360754333
dimwishlist:item=1096206669&perks=1392496348,106909392,4071163871,2360754333
dimwishlist:item=1096206669&perks=3250034553,679225683,4071163871,2360754333
dimwishlist:item=1096206669&perks=4090651448,679225683,4071163871,2360754333
dimwishlist:item=1096206669&perks=1840239774,679225683,4071163871,2360754333
dimwishlist:item=1096206669&perks=1482024992,679225683,4071163871,2360754333
dimwishlist:item=1096206669&perks=1392496348,679225683,4071163871,2360754333
dimwishlist:item=1096206669&perks=1087426260,4071163871,2360754333
dimwishlist:item=1096206669&perks=106909392,4071163871,2360754333
dimwishlist:item=1096206669&perks=679225683,4071163871,2360754333
dimwishlist:item=1096206669&perks=3250034553,4071163871,2360754333
dimwishlist:item=1096206669&perks=4090651448,4071163871,2360754333
dimwishlist:item=1096206669&perks=1840239774,4071163871,2360754333
dimwishlist:item=1096206669&perks=1482024992,4071163871,2360754333
dimwishlist:item=1096206669&perks=1392496348,4071163871,2360754333
dimwishlist:item=1096206669&perks=4071163871,2360754333
dimwishlist:item=1096206669&perks=3250034553,1087426260,972757866,2360754333
dimwishlist:item=1096206669&perks=4090651448,1087426260,972757866,2360754333
dimwishlist:item=1096206669&perks=1840239774,1087426260,972757866,2360754333
dimwishlist:item=1096206669&perks=1482024992,1087426260,972757866,2360754333
dimwishlist:item=1096206669&perks=1392496348,1087426260,972757866,2360754333
dimwishlist:item=1096206669&perks=3250034553,106909392,972757866,2360754333
dimwishlist:item=1096206669&perks=4090651448,106909392,972757866,2360754333
dimwishlist:item=1096206669&perks=1840239774,106909392,972757866,2360754333
dimwishlist:item=1096206669&perks=1482024992,106909392,972757866,2360754333
dimwishlist:item=1096206669&perks=1392496348,106909392,972757866,2360754333
dimwishlist:item=1096206669&perks=3250034553,679225683,972757866,2360754333
dimwishlist:item=1096206669&perks=4090651448,679225683,972757866,2360754333
dimwishlist:item=1096206669&perks=1840239774,679225683,972757866,2360754333
dimwishlist:item=1096206669&perks=1482024992,679225683,972757866,2360754333
dimwishlist:item=1096206669&perks=1392496348,679225683,972757866,2360754333
dimwishlist:item=1096206669&perks=1087426260,972757866,2360754333
dimwishlist:item=1096206669&perks=106909392,972757866,2360754333
dimwishlist:item=1096206669&perks=679225683,972757866,2360754333
dimwishlist:item=1096206669&perks=3250034553,972757866,2360754333
dimwishlist:item=1096206669&perks=4090651448,972757866,2360754333
dimwishlist:item=1096206669&perks=1840239774,972757866,2360754333
dimwishlist:item=1096206669&perks=1482024992,972757866,2360754333
dimwishlist:item=1096206669&perks=1392496348,972757866,2360754333
dimwishlist:item=1096206669&perks=972757866,2360754333
dimwishlist:item=1096206669&perks=3250034553,1087426260,1556840489,2360754333
dimwishlist:item=1096206669&perks=4090651448,1087426260,972757866,2360754333
dimwishlist:item=1096206669&perks=1840239774,1087426260,972757866,2360754333
dimwishlist:item=1096206669&perks=1482024992,1087426260,972757866,2360754333
dimwishlist:item=1096206669&perks=1392496348,1087426260,972757866,2360754333
dimwishlist:item=1096206669&perks=3250034553,106909392,972757866,2360754333
dimwishlist:item=1096206669&perks=4090651448,106909392,972757866,2360754333
dimwishlist:item=1096206669&perks=1840239774,106909392,972757866,2360754333
dimwishlist:item=1096206669&perks=1482024992,106909392,972757866,2360754333
dimwishlist:item=1096206669&perks=1392496348,106909392,972757866,2360754333
dimwishlist:item=1096206669&perks=3250034553,679225683,972757866,2360754333
dimwishlist:item=1096206669&perks=4090651448,679225683,972757866,2360754333
dimwishlist:item=1096206669&perks=1840239774,679225683,972757866,2360754333
dimwishlist:item=1096206669&perks=1482024992,679225683,972757866,2360754333
dimwishlist:item=1096206669&perks=1392496348,679225683,972757866,2360754333
dimwishlist:item=1096206669&perks=1087426260,972757866,2360754333
dimwishlist:item=1096206669&perks=106909392,972757866,2360754333
dimwishlist:item=1096206669&perks=679225683,972757866,2360754333
dimwishlist:item=1096206669&perks=3250034553,972757866,2360754333
dimwishlist:item=1096206669&perks=4090651448,972757866,2360754333
dimwishlist:item=1096206669&perks=1840239774,972757866,2360754333
dimwishlist:item=1096206669&perks=1482024992,972757866,2360754333
dimwishlist:item=1096206669&perks=1392496348,972757866,2360754333
dimwishlist:item=1096206669&perks=972757866,2360754333
dimwishlist:item=1096206669&perks=3250034553,1087426260,4071163871,1546637391
dimwishlist:item=1096206669&perks=4090651448,1087426260,4071163871,1546637391
dimwishlist:item=1096206669&perks=1840239774,1087426260,4071163871,1546637391
dimwishlist:item=1096206669&perks=1482024992,1087426260,4071163871,1546637391
dimwishlist:item=1096206669&perks=1392496348,1087426260,4071163871,1546637391
dimwishlist:item=1096206669&perks=3250034553,106909392,4071163871,1546637391
dimwishlist:item=1096206669&perks=4090651448,106909392,4071163871,1546637391
dimwishlist:item=1096206669&perks=1840239774,106909392,4071163871,1546637391
dimwishlist:item=1096206669&perks=1482024992,106909392,4071163871,1546637391
dimwishlist:item=1096206669&perks=1392496348,106909392,4071163871,1546637391
dimwishlist:item=1096206669&perks=3250034553,679225683,4071163871,1546637391
dimwishlist:item=1096206669&perks=4090651448,679225683,4071163871,1546637391
dimwishlist:item=1096206669&perks=1840239774,679225683,4071163871,1546637391
dimwishlist:item=1096206669&perks=1482024992,679225683,4071163871,1546637391
dimwishlist:item=1096206669&perks=1392496348,679225683,4071163871,1546637391
dimwishlist:item=1096206669&perks=1087426260,4071163871,1546637391
dimwishlist:item=1096206669&perks=106909392,4071163871,1546637391
dimwishlist:item=1096206669&perks=679225683,4071163871,1546637391
dimwishlist:item=1096206669&perks=3250034553,4071163871,1546637391
dimwishlist:item=1096206669&perks=4090651448,4071163871,1546637391
dimwishlist:item=1096206669&perks=1840239774,4071163871,1546637391
dimwishlist:item=1096206669&perks=1482024992,4071163871,1546637391
dimwishlist:item=1096206669&perks=1392496348,4071163871,1546637391
dimwishlist:item=1096206669&perks=4071163871,1546637391
dimwishlist:item=1096206669&perks=3250034553,1087426260,972757866,1546637391
dimwishlist:item=1096206669&perks=4090651448,1087426260,972757866,1546637391
dimwishlist:item=1096206669&perks=1840239774,1087426260,972757866,1546637391
dimwishlist:item=1096206669&perks=1482024992,1087426260,972757866,1546637391
dimwishlist:item=1096206669&perks=1392496348,1087426260,972757866,1546637391
dimwishlist:item=1096206669&perks=3250034553,106909392,972757866,1546637391
dimwishlist:item=1096206669&perks=4090651448,106909392,972757866,1546637391
dimwishlist:item=1096206669&perks=1840239774,106909392,972757866,1546637391
dimwishlist:item=1096206669&perks=1482024992,106909392,972757866,1546637391
dimwishlist:item=1096206669&perks=1392496348,106909392,972757866,1546637391
dimwishlist:item=1096206669&perks=3250034553,679225683,972757866,1546637391
dimwishlist:item=1096206669&perks=4090651448,679225683,972757866,1546637391
dimwishlist:item=1096206669&perks=1840239774,679225683,972757866,1546637391
dimwishlist:item=1096206669&perks=1482024992,679225683,972757866,1546637391
dimwishlist:item=1096206669&perks=1392496348,679225683,972757866,1546637391
dimwishlist:item=1096206669&perks=1087426260,972757866,1546637391
dimwishlist:item=1096206669&perks=106909392,972757866,1546637391
dimwishlist:item=1096206669&perks=679225683,972757866,1546637391
dimwishlist:item=1096206669&perks=3250034553,972757866,1546637391
dimwishlist:item=1096206669&perks=4090651448,972757866,1546637391
dimwishlist:item=1096206669&perks=1840239774,972757866,1546637391
dimwishlist:item=1096206669&perks=1482024992,972757866,1546637391
dimwishlist:item=1096206669&perks=1392496348,972757866,1546637391
dimwishlist:item=1096206669&perks=972757866,1546637391
dimwishlist:item=1096206669&perks=3250034553,1087426260,1556840489,1546637391
dimwishlist:item=1096206669&perks=4090651448,1087426260,972757866,1546637391
dimwishlist:item=1096206669&perks=1840239774,1087426260,972757866,1546637391
dimwishlist:item=1096206669&perks=1482024992,1087426260,972757866,1546637391
dimwishlist:item=1096206669&perks=1392496348,1087426260,972757866,1546637391
dimwishlist:item=1096206669&perks=3250034553,106909392,972757866,1546637391
dimwishlist:item=1096206669&perks=4090651448,106909392,972757866,1546637391
dimwishlist:item=1096206669&perks=1840239774,106909392,972757866,1546637391
dimwishlist:item=1096206669&perks=1482024992,106909392,972757866,1546637391
dimwishlist:item=1096206669&perks=1392496348,106909392,972757866,1546637391
dimwishlist:item=1096206669&perks=3250034553,679225683,972757866,1546637391
dimwishlist:item=1096206669&perks=4090651448,679225683,972757866,1546637391
dimwishlist:item=1096206669&perks=1840239774,679225683,972757866,1546637391
dimwishlist:item=1096206669&perks=1482024992,679225683,972757866,1546637391
dimwishlist:item=1096206669&perks=1392496348,679225683,972757866,1546637391
dimwishlist:item=1096206669&perks=1087426260,972757866,1546637391
dimwishlist:item=1096206669&perks=106909392,972757866,1546637391
dimwishlist:item=1096206669&perks=679225683,972757866,1546637391
dimwishlist:item=1096206669&perks=3250034553,972757866,1546637391
dimwishlist:item=1096206669&perks=4090651448,972757866,1546637391
dimwishlist:item=1096206669&perks=1840239774,972757866,1546637391
dimwishlist:item=1096206669&perks=1482024992,972757866,1546637391
dimwishlist:item=1096206669&perks=1392496348,972757866,1546637391
dimwishlist:item=1096206669&perks=972757866,1546637391
// First In, Last Out
dimwishlist:item=3616586446&perks=3250034553,106909392,3300816228,3523296417
dimwishlist:item=3616586446&perks=3250034553,106909392,3300816228,1546637391
dimwishlist:item=3616586446&perks=3250034553,106909392,972757866,3523296417
dimwishlist:item=3616586446&perks=3250034553,106909392,972757866,1546637391
dimwishlist:item=3616586446&perks=3250034553,3142289711,3300816228,3523296417
dimwishlist:item=3616586446&perks=3250034553,3142289711,3300816228,1546637391
dimwishlist:item=3616586446&perks=3250034553,3142289711,972757866,3523296417
dimwishlist:item=3616586446&perks=3250034553,3142289711,972757866,1546637391
dimwishlist:item=3616586446&perks=1482024992,106909392,3300816228,3523296417
dimwishlist:item=3616586446&perks=1482024992,106909392,3300816228,1546637391
dimwishlist:item=3616586446&perks=1482024992,106909392,972757866,3523296417
dimwishlist:item=3616586446&perks=1482024992,106909392,972757866,1546637391
dimwishlist:item=3616586446&perks=1482024992,3142289711,3300816228,3523296417
dimwishlist:item=3616586446&perks=1482024992,3142289711,3300816228,1546637391
dimwishlist:item=3616586446&perks=1482024992,3142289711,972757866,3523296417
dimwishlist:item=3616586446&perks=1482024992,3142289711,972757866,1546637391
dimwishlist:item=3616586446&perks=4090651448,106909392,3300816228,3523296417
dimwishlist:item=3616586446&perks=4090651448,106909392,3300816228,1546637391
dimwishlist:item=3616586446&perks=4090651448,106909392,972757866,3523296417
dimwishlist:item=3616586446&perks=4090651448,106909392,972757866,1546637391
dimwishlist:item=3616586446&perks=4090651448,3142289711,3300816228,3523296417
dimwishlist:item=3616586446&perks=4090651448,3142289711,3300816228,1546637391
dimwishlist:item=3616586446&perks=4090651448,3142289711,972757866,3523296417
dimwishlist:item=3616586446&perks=4090651448,3142289711,972757866,1546637391
dimwishlist:item=3616586446&perks=106909392,3300816228,3523296417
dimwishlist:item=3616586446&perks=106909392,3300816228,1546637391
dimwishlist:item=3616586446&perks=106909392,972757866,3523296417
dimwishlist:item=3616586446&perks=106909392,972757866,1546637391
dimwishlist:item=3616586446&perks=3142289711,3300816228,3523296417
dimwishlist:item=3616586446&perks=3142289711,3300816228,1546637391
dimwishlist:item=3616586446&perks=3142289711,972757866,3523296417
dimwishlist:item=3616586446&perks=3142289711,972757866,1546637391
dimwishlist:item=3616586446&perks=3250034553,3300816228,3523296417
dimwishlist:item=3616586446&perks=3250034553,3300816228,1546637391
dimwishlist:item=3616586446&perks=3250034553,972757866,3523296417
dimwishlist:item=3616586446&perks=3250034553,972757866,1546637391
dimwishlist:item=3616586446&perks=1482024992,3300816228,3523296417
dimwishlist:item=3616586446&perks=1482024992,3300816228,1546637391
dimwishlist:item=3616586446&perks=1482024992,972757866,3523296417
dimwishlist:item=3616586446&perks=1482024992,972757866,1546637391
dimwishlist:item=3616586446&perks=4090651448,3300816228,3523296417
dimwishlist:item=3616586446&perks=4090651448,3300816228,1546637391
dimwishlist:item=3616586446&perks=4090651448,972757866,3523296417
dimwishlist:item=3616586446&perks=4090651448,972757866,1546637391
dimwishlist:item=3616586446&perks=3300816228,3523296417
dimwishlist:item=3616586446&perks=3300816228,1546637391
dimwishlist:item=3616586446&perks=972757866,3523296417
dimwishlist:item=3616586446&perks=972757866,1546637391
// Spare Rations
dimwishlist:item=3116356268&perks=1392496348,1885400500,247725512,2846385770
dimwishlist:item=3116356268&perks=1482024992,1885400500,247725512,2846385770
dimwishlist:item=3116356268&perks=4090651448,1885400500,247725512,2846385770
dimwishlist:item=3116356268&perks=1840239774,1885400500,247725512,2846385770
dimwishlist:item=3116356268&perks=3250034553,1885400500,247725512,2846385770
dimwishlist:item=3116356268&perks=3661387068,1885400500,247725512,2846385770
dimwishlist:item=3116356268&perks=1392496348,3230963543,247725512,2846385770
dimwishlist:item=3116356268&perks=1482024992,3230963543,247725512,2846385770
dimwishlist:item=3116356268&perks=4090651448,3230963543,247725512,2846385770
dimwishlist:item=3116356268&perks=1840239774,3230963543,247725512,2846385770
dimwishlist:item=3116356268&perks=3250034553,3230963543,247725512,2846385770
dimwishlist:item=3116356268&perks=3661387068,3230963543,247725512,2846385770
dimwishlist:item=3116356268&perks=1392496348,1561002382,247725512,2846385770
dimwishlist:item=3116356268&perks=1482024992,1561002382,247725512,2846385770
dimwishlist:item=3116356268&perks=4090651448,1561002382,247725512,2846385770
dimwishlist:item=3116356268&perks=1840239774,1561002382,247725512,2846385770
dimwishlist:item=3116356268&perks=3250034553,1561002382,247725512,2846385770
dimwishlist:item=3116356268&perks=3661387068,1561002382,247725512,2846385770
dimwishlist:item=3116356268&perks=1392496348,679225683,247725512,2846385770
dimwishlist:item=3116356268&perks=1482024992,679225683,247725512,2846385770
dimwishlist:item=3116356268&perks=4090651448,679225683,247725512,2846385770
dimwishlist:item=3116356268&perks=1840239774,679225683,247725512,2846385770
dimwishlist:item=3116356268&perks=3250034553,679225683,247725512,2846385770
dimwishlist:item=3116356268&perks=3661387068,679225683,247725512,2846385770
dimwishlist:item=3116356268&perks=1392496348,1968497646,247725512,2846385770
dimwishlist:item=3116356268&perks=1482024992,1968497646,247725512,2846385770
dimwishlist:item=3116356268&perks=4090651448,1968497646,247725512,2846385770
dimwishlist:item=3116356268&perks=1840239774,1968497646,247725512,2846385770
dimwishlist:item=3116356268&perks=3250034553,1968497646,247725512,2846385770
dimwishlist:item=3116356268&perks=3661387068,1968497646,247725512,2846385770
dimwishlist:item=3116356268&perks=1885400500,247725512,2846385770
dimwishlist:item=3116356268&perks=3230963543,247725512,2846385770
dimwishlist:item=3116356268&perks=1561002382,247725512,2846385770
dimwishlist:item=3116356268&perks=679225683,247725512,2846385770
dimwishlist:item=3116356268&perks=1968497646,247725512,2846385770
dimwishlist:item=3116356268&perks=1392496348,247725512,2846385770
dimwishlist:item=3116356268&perks=1482024992,247725512,2846385770
dimwishlist:item=3116356268&perks=4090651448,247725512,2846385770
dimwishlist:item=3116356268&perks=1840239774,247725512,2846385770
dimwishlist:item=3116356268&perks=3250034553,247725512,2846385770
dimwishlist:item=3116356268&perks=3661387068,247725512,2846385770
dimwishlist:item=3116356268&perks=247725512,2846385770
dimwishlist:item=3116356268&perks=1392496348,1885400500,957782887,2846385770
dimwishlist:item=3116356268&perks=1482024992,1885400500,957782887,2846385770
dimwishlist:item=3116356268&perks=4090651448,1885400500,957782887,2846385770
dimwishlist:item=3116356268&perks=1840239774,1885400500,957782887,2846385770
dimwishlist:item=3116356268&perks=3250034553,1885400500,957782887,2846385770
dimwishlist:item=3116356268&perks=3661387068,1885400500,957782887,2846385770
dimwishlist:item=3116356268&perks=1392496348,3230963543,957782887,2846385770
dimwishlist:item=3116356268&perks=1482024992,3230963543,957782887,2846385770
dimwishlist:item=3116356268&perks=4090651448,3230963543,957782887,2846385770
dimwishlist:item=3116356268&perks=1840239774,3230963543,957782887,2846385770
dimwishlist:item=3116356268&perks=3250034553,3230963543,957782887,2846385770
dimwishlist:item=3116356268&perks=3661387068,3230963543,957782887,2846385770
dimwishlist:item=3116356268&perks=1392496348,1561002382,957782887,2846385770
dimwishlist:item=3116356268&perks=1482024992,1561002382,957782887,2846385770
dimwishlist:item=3116356268&perks=4090651448,1561002382,957782887,2846385770
dimwishlist:item=3116356268&perks=1840239774,1561002382,957782887,2846385770
dimwishlist:item=3116356268&perks=3250034553,1561002382,957782887,2846385770
dimwishlist:item=3116356268&perks=3661387068,1561002382,957782887,2846385770
dimwishlist:item=3116356268&perks=1392496348,679225683,957782887,2846385770
dimwishlist:item=3116356268&perks=1482024992,679225683,957782887,2846385770
dimwishlist:item=3116356268&perks=4090651448,679225683,957782887,2846385770
dimwishlist:item=3116356268&perks=1840239774,679225683,957782887,2846385770
dimwishlist:item=3116356268&perks=3250034553,679225683,957782887,2846385770
dimwishlist:item=3116356268&perks=3661387068,679225683,957782887,2846385770
dimwishlist:item=3116356268&perks=1392496348,1968497646,957782887,2846385770
dimwishlist:item=3116356268&perks=1482024992,1968497646,957782887,2846385770
dimwishlist:item=3116356268&perks=4090651448,1968497646,957782887,2846385770
dimwishlist:item=3116356268&perks=1840239774,1968497646,957782887,2846385770
dimwishlist:item=3116356268&perks=3250034553,1968497646,957782887,2846385770
dimwishlist:item=3116356268&perks=3661387068,1968497646,957782887,2846385770
dimwishlist:item=3116356268&perks=1885400500,957782887,2846385770
dimwishlist:item=3116356268&perks=3230963543,957782887,2846385770
dimwishlist:item=3116356268&perks=1561002382,957782887,2846385770
dimwishlist:item=3116356268&perks=679225683,957782887,2846385770
dimwishlist:item=3116356268&perks=1968497646,957782887,2846385770
dimwishlist:item=3116356268&perks=1392496348,957782887,2846385770
dimwishlist:item=3116356268&perks=1482024992,957782887,2846385770
dimwishlist:item=3116356268&perks=4090651448,957782887,2846385770
dimwishlist:item=3116356268&perks=1840239774,957782887,2846385770
dimwishlist:item=3116356268&perks=3250034553,957782887,2846385770
dimwishlist:item=3116356268&perks=3661387068,957782887,2846385770
dimwishlist:item=3116356268&perks=957782887,2846385770
// Temptation's Hook
dimwishlist:item=35794111&perks=3666208348,269888150,1749209109,3913600130#notes:PvE Perfect
dimwishlist:item=35794111&perks=3666208348,1749209109,3913600130#notes:PvE
dimwishlist:item=35794111&perks=1749209109,3913600130#notes:PvE
// Bygones
dimwishlist:item=2712244741&perks=839105230,1885400500,3425386926,460017080
dimwishlist:item=2712244741&perks=3661387068,1885400500,3425386926,460017080
dimwishlist:item=2712244741&perks=4090651448,1885400500,3425386926,460017080
dimwishlist:item=2712244741&perks=1392496348,1885400500,3425386926,460017080
dimwishlist:item=2712244741&perks=1482024992,1885400500,3425386926,460017080
dimwishlist:item=2712244741&perks=1840239774,1885400500,3425386926,460017080
dimwishlist:item=2712244741&perks=3250034553,1885400500,3425386926,460017080
dimwishlist:item=2712244741&perks=839105230,3230963543,3425386926,460017080
dimwishlist:item=2712244741&perks=3661387068,3230963543,3425386926,460017080
dimwishlist:item=2712244741&perks=4090651448,3230963543,3425386926,460017080
dimwishlist:item=2712244741&perks=1392496348,3230963543,3425386926,460017080
dimwishlist:item=2712244741&perks=1482024992,3230963543,3425386926,460017080
dimwishlist:item=2712244741&perks=1840239774,3230963543,3425386926,460017080
dimwishlist:item=2712244741&perks=3250034553,3230963543,3425386926,460017080
dimwishlist:item=2712244741&perks=839105230,1561002382,3425386926,460017080
dimwishlist:item=2712244741&perks=3661387068,1561002382,3425386926,460017080
dimwishlist:item=2712244741&perks=4090651448,1561002382,3425386926,460017080
dimwishlist:item=2712244741&perks=1392496348,1561002382,3425386926,460017080
dimwishlist:item=2712244741&perks=1482024992,1561002382,3425386926,460017080
dimwishlist:item=2712244741&perks=1840239774,1561002382,3425386926,460017080
dimwishlist:item=2712244741&perks=3250034553,1561002382,3425386926,460017080
dimwishlist:item=2712244741&perks=839105230,679225683,3425386926,460017080
dimwishlist:item=2712244741&perks=3661387068,679225683,3425386926,460017080
dimwishlist:item=2712244741&perks=4090651448,679225683,3425386926,460017080
dimwishlist:item=2712244741&perks=1392496348,679225683,3425386926,460017080
dimwishlist:item=2712244741&perks=1482024992,679225683,3425386926,460017080
dimwishlist:item=2712244741&perks=1840239774,679225683,3425386926,460017080
dimwishlist:item=2712244741&perks=3250034553,679225683,3425386926,460017080
dimwishlist:item=2712244741&perks=839105230,1968497646,3425386926,460017080
dimwishlist:item=2712244741&perks=3661387068,1968497646,3425386926,460017080
dimwishlist:item=2712244741&perks=4090651448,1968497646,3425386926,460017080
dimwishlist:item=2712244741&perks=1392496348,1968497646,3425386926,460017080
dimwishlist:item=2712244741&perks=1482024992,1968497646,3425386926,460017080
dimwishlist:item=2712244741&perks=1840239774,1968497646,3425386926,460017080
dimwishlist:item=2712244741&perks=3250034553,1968497646,3425386926,460017080
dimwishlist:item=2712244741&perks=1885400500,3425386926,460017080
dimwishlist:item=2712244741&perks=3230963543,3425386926,460017080
dimwishlist:item=2712244741&perks=1561002382,3425386926,460017080
dimwishlist:item=2712244741&perks=679225683,3425386926,460017080
dimwishlist:item=2712244741&perks=1968497646,3425386926,460017080
dimwishlist:item=2712244741&perks=839105230,3425386926,460017080
dimwishlist:item=2712244741&perks=3661387068,3425386926,460017080
dimwishlist:item=2712244741&perks=4090651448,3425386926,460017080
dimwishlist:item=2712244741&perks=1392496348,3425386926,460017080
dimwishlist:item=2712244741&perks=1482024992,3425386926,460017080
dimwishlist:item=2712244741&perks=1840239774,3425386926,460017080
dimwishlist:item=2712244741&perks=3250034553,3425386926,460017080
dimwishlist:item=2712244741&perks=3425386926,460017080
dimwishlist:item=2712244741&perks=839105230,1885400500,3425386926,1168162263
dimwishlist:item=2712244741&perks=3661387068,1885400500,3425386926,1168162263
dimwishlist:item=2712244741&perks=4090651448,1885400500,3425386926,1168162263
dimwishlist:item=2712244741&perks=1392496348,1885400500,3425386926,1168162263
dimwishlist:item=2712244741&perks=1482024992,1885400500,3425386926,1168162263
dimwishlist:item=2712244741&perks=1840239774,1885400500,3425386926,1168162263
dimwishlist:item=2712244741&perks=3250034553,1885400500,3425386926,1168162263
dimwishlist:item=2712244741&perks=839105230,3230963543,3425386926,1168162263
dimwishlist:item=2712244741&perks=3661387068,3230963543,3425386926,1168162263
dimwishlist:item=2712244741&perks=4090651448,3230963543,3425386926,1168162263
dimwishlist:item=2712244741&perks=1392496348,3230963543,3425386926,1168162263
dimwishlist:item=2712244741&perks=1482024992,3230963543,3425386926,1168162263
dimwishlist:item=2712244741&perks=1840239774,3230963543,3425386926,1168162263
dimwishlist:item=2712244741&perks=3250034553,3230963543,3425386926,1168162263
dimwishlist:item=2712244741&perks=839105230,1561002382,3425386926,1168162263
dimwishlist:item=2712244741&perks=3661387068,1561002382,3425386926,1168162263
dimwishlist:item=2712244741&perks=4090651448,1561002382,3425386926,1168162263
dimwishlist:item=2712244741&perks=1392496348,1561002382,3425386926,1168162263
dimwishlist:item=2712244741&perks=1482024992,1561002382,3425386926,1168162263
dimwishlist:item=2712244741&perks=1840239774,1561002382,3425386926,1168162263
dimwishlist:item=2712244741&perks=3250034553,1561002382,3425386926,1168162263
dimwishlist:item=2712244741&perks=839105230,679225683,3425386926,1168162263
dimwishlist:item=2712244741&perks=3661387068,679225683,3425386926,1168162263
dimwishlist:item=2712244741&perks=4090651448,679225683,3425386926,1168162263
dimwishlist:item=2712244741&perks=1392496348,679225683,3425386926,1168162263
dimwishlist:item=2712244741&perks=1482024992,679225683,3425386926,1168162263
dimwishlist:item=2712244741&perks=1840239774,679225683,3425386926,1168162263
dimwishlist:item=2712244741&perks=3250034553,679225683,3425386926,1168162263
dimwishlist:item=2712244741&perks=839105230,1968497646,3425386926,1168162263
dimwishlist:item=2712244741&perks=3661387068,1968497646,3425386926,1168162263
dimwishlist:item=2712244741&perks=4090651448,1968497646,3425386926,1168162263
dimwishlist:item=2712244741&perks=1392496348,1968497646,3425386926,1168162263
dimwishlist:item=2712244741&perks=1482024992,1968497646,3425386926,1168162263
dimwishlist:item=2712244741&perks=1840239774,1968497646,3425386926,1168162263
dimwishlist:item=2712244741&perks=3250034553,1968497646,3425386926,1168162263
dimwishlist:item=2712244741&perks=1885400500,3425386926,1168162263
dimwishlist:item=2712244741&perks=3230963543,3425386926,1168162263
dimwishlist:item=2712244741&perks=1561002382,3425386926,1168162263
dimwishlist:item=2712244741&perks=679225683,3425386926,1168162263
dimwishlist:item=2712244741&perks=1968497646,3425386926,1168162263
dimwishlist:item=2712244741&perks=839105230,3425386926,1168162263
dimwishlist:item=2712244741&perks=3661387068,3425386926,1168162263
dimwishlist:item=2712244741&perks=4090651448,3425386926,1168162263
dimwishlist:item=2712244741&perks=1392496348,3425386926,1168162263
dimwishlist:item=2712244741&perks=1482024992,3425386926,1168162263
dimwishlist:item=2712244741&perks=1840239774,3425386926,1168162263
dimwishlist:item=2712244741&perks=3250034553,3425386926,1168162263
dimwishlist:item=2712244741&perks=3425386926,1168162263
dimwishlist:item=2712244741&perks=839105230,1885400500,3425386926,4267945040
dimwishlist:item=2712244741&perks=3661387068,1885400500,3425386926,4267945040
dimwishlist:item=2712244741&perks=4090651448,1885400500,3425386926,4267945040
dimwishlist:item=2712244741&perks=1392496348,1885400500,3425386926,4267945040
dimwishlist:item=2712244741&perks=1482024992,1885400500,3425386926,4267945040
dimwishlist:item=2712244741&perks=1840239774,1885400500,3425386926,4267945040
dimwishlist:item=2712244741&perks=3250034553,1885400500,3425386926,4267945040
dimwishlist:item=2712244741&perks=839105230,3230963543,3425386926,4267945040
dimwishlist:item=2712244741&perks=3661387068,3230963543,3425386926,4267945040
dimwishlist:item=2712244741&perks=4090651448,3230963543,3425386926,4267945040
dimwishlist:item=2712244741&perks=1392496348,3230963543,3425386926,4267945040
dimwishlist:item=2712244741&perks=1482024992,3230963543,3425386926,4267945040
dimwishlist:item=2712244741&perks=1840239774,3230963543,3425386926,4267945040
dimwishlist:item=2712244741&perks=3250034553,3230963543,3425386926,4267945040
dimwishlist:item=2712244741&perks=839105230,1561002382,3425386926,4267945040
dimwishlist:item=2712244741&perks=3661387068,1561002382,3425386926,4267945040
dimwishlist:item=2712244741&perks=4090651448,1561002382,3425386926,4267945040
dimwishlist:item=2712244741&perks=1392496348,1561002382,3425386926,4267945040
dimwishlist:item=2712244741&perks=1482024992,1561002382,3425386926,4267945040
dimwishlist:item=2712244741&perks=1840239774,1561002382,3425386926,4267945040
dimwishlist:item=2712244741&perks=3250034553,1561002382,3425386926,4267945040
dimwishlist:item=2712244741&perks=839105230,679225683,3425386926,4267945040
dimwishlist:item=2712244741&perks=3661387068,679225683,3425386926,4267945040
dimwishlist:item=2712244741&perks=4090651448,679225683,3425386926,4267945040
dimwishlist:item=2712244741&perks=1392496348,679225683,3425386926,4267945040
dimwishlist:item=2712244741&perks=1482024992,679225683,3425386926,4267945040
dimwishlist:item=2712244741&perks=1840239774,679225683,3425386926,4267945040
dimwishlist:item=2712244741&perks=3250034553,679225683,3425386926,4267945040
dimwishlist:item=2712244741&perks=839105230,1968497646,3425386926,4267945040
dimwishlist:item=2712244741&perks=3661387068,1968497646,3425386926,4267945040
dimwishlist:item=2712244741&perks=4090651448,1968497646,3425386926,4267945040
dimwishlist:item=2712244741&perks=1392496348,1968497646,3425386926,4267945040
dimwishlist:item=2712244741&perks=1482024992,1968497646,3425386926,4267945040
dimwishlist:item=2712244741&perks=1840239774,1968497646,3425386926,4267945040
dimwishlist:item=2712244741&perks=3250034553,1968497646,3425386926,4267945040
dimwishlist:item=2712244741&perks=1885400500,3425386926,4267945040
dimwishlist:item=2712244741&perks=3230963543,3425386926,4267945040
dimwishlist:item=2712244741&perks=1561002382,3425386926,4267945040
dimwishlist:item=2712244741&perks=679225683,3425386926,4267945040
dimwishlist:item=2712244741&perks=1968497646,3425386926,4267945040
dimwishlist:item=2712244741&perks=839105230,3425386926,4267945040
dimwishlist:item=2712244741&perks=3661387068,3425386926,4267945040
dimwishlist:item=2712244741&perks=4090651448,3425386926,4267945040
dimwishlist:item=2712244741&perks=1392496348,3425386926,4267945040
dimwishlist:item=2712244741&perks=1482024992,3425386926,4267945040
dimwishlist:item=2712244741&perks=1840239774,3425386926,4267945040
dimwishlist:item=2712244741&perks=3250034553,3425386926,4267945040
dimwishlist:item=2712244741&perks=3425386926,4267945040
// Midnight Coup
dimwishlist:item=1128225405&perks=4090651448,3425386926,1168162263
// Duty Bound
dimwishlist:item=1457979868&perks=2732913579,1885400500,3425386926
// The Mountaintop
dimwishlist:item=3993415705&perks=981914802,3301904089,2846385770,3713839994
// IKELOS_SG_v1.0.1
dimwishlist:item=1887808042&perks=3250034553,806159697,106909392,4071163871
// Python
dimwishlist:item=838556752&perks=1482024992,2420895100,3643424744,2679249093
